-9.439905704904827388e-03
-8.280276070261094468e-02
-6.655553317194868868e-01
7.675563534583804692e-01
1.670947828734243856e-01
5.187469844913090711e-01
-5.192187964856633808e-01
4.433753528106387787e-01
3.902155274298473309e-01
0.000000000000000000e+00
-6.288617317998499434e-01
8.988283212454546423e-01
-8.760038996419394763e-02
-8.392834769848762644e-01
8.438578246378576342e-01
0.000000000000000000e+00
7.915236781918602027e-01
-5.845002371970353661e-01
-8.549551316580732419e-01
2.671899611691275211e-02
9.735420364114233394e-02
3.477978129604124558e-01
2.819659317000193788e-01
-2.764158354831172115e-01
5.197350155585163112e-01
3.000666214379510421e-02
-7.105997849747229811e-01
1.682132033001142446e-01
-2.956911667512596154e-01
9.072253988053669005e-02
-6.834668476792613578e-01
0.000000000000000000e+00
-4.705399848914679772e-01
0.000000000000000000e+00
-9.528464403146377215e-01
-1.674208324229198297e-01
-1.964645030262268666e-01
7.473870031357774391e-01
0.000000000000000000e+00
0.000000000000000000e+00
6.205861620663306599e-01
0.000000000000000000e+00
9.487753529416182996e-01
-8.510740162711167844e-01
-1.434418750277441923e-01
2.976118511773848674e-01
0.000000000000000000e+00
-8.450450839556213900e-01
0.000000000000000000e+00
0.000000000000000000e+00
0.000000000000000000e+00
7.966032656588026839e-01
7.758957648953039854e-01
-1.638139282168378230e-01
-1.998327810101840907e-01
-7.612842546027167590e-01
-9.915995277570408550e-01
-6.537920674466857207e-01
8.839344800140729319e-01
7.658596121421534786e-01
-8.714872497529255746e-01
-7.849640069848298207e-01
-5.669032073298434504e-01
0.000000000000000000e+00
-1.356718910673126999e-02
-5.595765865641433301e-01
-6.798119156985042988e-01
-5.727803058317899598e-01
1.051124994541232649e-01
3.451740897313970713e-01
-7.676112760376614386e-01
9.670040721068704492e-01
2.687272683992469879e-02
2.446381361558858103e-01
-5.591226428958886441e-01
-4.856103227579922077e-01
-9.111911851067537871e-01
0.000000000000000000e+00
-5.295553830283017405e-02
-7.912369215392693889e-01
7.621942508663925864e-02
8.316515873628025357e-01
2.763300307841820569e-01
9.807205435018895301e-01
1.787956408978164102e-01
1.070560933290676253e-02
0.000000000000000000e+00
-7.793343997392598865e-01
7.454131328755249086e-01
4.055498420467738008e-01
5.700831013686817883e-01
3.192562703530632540e-02
8.765942503995449719e-02
0.000000000000000000e+00
-8.143654897025618400e-01
9.171316144222640965e-02
-9.200368747248852674e-01
1.132904753126677821e-01
2.115256354536878547e-01
5.536541246134973893e-01
9.493329101921690327e-01
1.301691284500061663e-02
0.000000000000000000e+00
0.000000000000000000e+00
-3.599950903795416934e-01
-2.434687373536936761e-01
-5.185638874724114444e-01
0.000000000000000000e+00
-1.109372010741334069e-01
3.141582289384503568e-02
3.780201140419161554e-01
8.709820687774616488e-01
7.645078307921937544e-01
1.856097652411334842e-01
-8.355676971449632617e-02
8.299583782519075470e-01
-2.252764450607704916e-01
-7.622285683990377425e-01
-5.148839909413727156e-01
-5.559292516390128558e-01
-4.486962659383644247e-01
0.000000000000000000e+00
-5.134857787894133718e-01
1.100621267739727571e-01
-1.492741276089890601e-01
-8.927823728834605177e-02
-5.164951988916743897e-01
7.875766200502467562e-01
6.428209011672338935e-01
1.317529758180340238e-01
-2.272764003213927353e-01
0.000000000000000000e+00
0.000000000000000000e+00
9.011286879554067930e-01
0.000000000000000000e+00
3.278323539478273929e-01
0.000000000000000000e+00
2.516442017711812973e-01
-9.088999980716314653e-01
6.990912932289239379e-02
4.947595690459383189e-01
9.074854648584040895e-02
-1.648380129957818241e-01
3.721244521792437254e-01
0.000000000000000000e+00
2.650304366446107895e-01
-1.521748456329756749e-01
0.000000000000000000e+00
6.687527999931568434e-01
2.945746314767812013e-01
8.391885842116313388e-01
2.541345062760456130e-01
-4.727753427912591011e-01
-1.739568432189049219e-01
-9.300179781142550173e-01
-2.099104065895975868e-01
-8.916761603136791337e-02
-2.579621050991818265e-01
9.219169146725831876e-01
-7.597214462977097682e-02
-4.235680939389667721e-01
0.000000000000000000e+00
6.468985386385845970e-01
-2.450278764937017240e-01
0.000000000000000000e+00
3.874483861660662498e-01
3.318231118606682628e-01
-6.921770833637042042e-01
-4.898413234017160445e-01
-6.770404796476525711e-01
0.000000000000000000e+00
2.711249980603418486e-01
-1.161845154753446963e-01
1.273290720954873834e-01
4.082516718446991266e-01
-8.567836908783694749e-01
-5.895450228573950735e-01
-9.945261387055970292e-01
-4.420820111994863133e-01
-4.032488884921929806e-01
-2.550834957249441537e-01
9.204439610497996416e-01
-5.687529433716753680e-02
4.522246875472064609e-01
-4.209095805607894203e-01
0.000000000000000000e+00
4.064770667432207052e-01
-7.519576024309650997e-01
-4.031253711781861426e-01
-4.194828974552162748e-01
0.000000000000000000e+00
2.017494692207533191e-01
1.445050077426659474e-01
3.623188682387481485e-01
-7.376468423072239933e-01
-5.202279361621544584e-01
1.399992650164880725e-01
-9.040805908010669523e-01
-4.915045129524528988e-01
0.000000000000000000e+00
-8.061787886579505624e-01
-7.944645940813648277e-01
5.701560198039823391e-01
-4.553703360367999942e-01
4.136783853718568604e-01
6.171041110653958661e-01
-7.163986788588121435e-01
9.028350895911749774e-01
7.468633804184157121e-01
2.558345762339320206e-01
-2.695473379274953007e-01
-3.400236150146902503e-01
0.000000000000000000e+00
0.000000000000000000e+00
0.000000000000000000e+00
0.000000000000000000e+00
-8.712374984574715597e-01
2.015217947310308233e-01
5.144918576058101767e-01
-1.355171460043178566e-01
-2.474956996633381756e-02
-6.029884000403002986e-01
2.852613335015476981e-01
-3.510523087107888518e-01
8.420483064355424041e-01
-5.839260870163149875e-01
-9.951401162402584433e-01
8.352698152163426926e-01
9.582276239711151611e-02
-3.950776945751637292e-01
-1.951365197019305775e-02
0.000000000000000000e+00
-4.484432327524003892e-01
9.507688990618274882e-01
9.834390868057680812e-01
-5.776920609409437191e-01
-7.302278821298719969e-01
4.984928291382024756e-01
1.499526914944089295e-01
-6.695648144230672560e-01
6.945095830493297484e-03
2.486587588408495364e-01
-7.374702810835775946e-01
-4.774443181179448548e-01
-7.641105875876275100e-02
0.000000000000000000e+00
-2.592735174131166609e-01
0.000000000000000000e+00
-8.518899027149227088e-01
7.887942578231130764e-01
-9.220776457670794013e-01
7.848294871512271342e-01
3.929445434899383471e-01
-3.512135981982966726e-02
0.000000000000000000e+00
-4.687559521078490388e-01
2.625476727165261259e-01
2.007465453486083629e-01
9.187018627153689110e-01
-5.029642810899876970e-01
-1.870634871911081021e-02
6.196504109987532871e-01
1.404625819882987514e-02
-5.886999174790397138e-01
-9.786572863120075461e-01
