9.120685437784987748e-01
8.956549741186987657e-01
0.000000000000000000e+00
-8.302560096821567370e-01
0.000000000000000000e+00
0.000000000000000000e+00
0.000000000000000000e+00
-3.837270848217115837e-01
0.000000000000000000e+00
2.136034672816757851e-01
1.624080342240061814e-01
-6.832342594903888511e-01
-1.386607194174627189e-01
-2.129363595892572736e-01
4.460241624749317069e-01
9.896391258994854390e-01
8.987909461864871385e-01
8.835409485864165191e-02
0.000000000000000000e+00
0.000000000000000000e+00
0.000000000000000000e+00
-9.451102858183619837e-01
-7.021227580537581225e-02
-3.630697442926451579e-01
-2.399701561985767562e-01
0.000000000000000000e+00
5.150553829205661849e-02
1.210207220529977423e-01
0.000000000000000000e+00
0.000000000000000000e+00
0.000000000000000000e+00
-7.266052140270666815e-01
2.044769167440230184e-02
9.973671363851039917e-01
3.489593946917401990e-01
-6.363130063537112413e-01
7.871430731659769808e-01
0.000000000000000000e+00
4.688033837879554966e-01
8.131872997951219428e-01
0.000000000000000000e+00
5.794952749235264822e-01
0.000000000000000000e+00
9.619531461442532017e-01
9.238018757964514549e-01
0.000000000000000000e+00
5.080081433037442196e-01
4.303017964749069613e-01
-7.718660451604475448e-02
6.071143224689001805e-02
-1.997215629961734962e-02
1.000000000000000000e+00
1.000000000000000000e+00
6.630489795836245204e-01
0.000000000000000000e+00
7.657018371625061715e-01
0.000000000000000000e+00
0.000000000000000000e+00
1.000000000000000000e+00
8.406608783838576127e-01
4.475459077440366862e-01
0.000000000000000000e+00
0.000000000000000000e+00
0.000000000000000000e+00
3.991432761404871687e-01
-6.678606290117476973e-01
8.158809932521891017e-01
1.000000000000000000e+00
8.227556717360935412e-01
-3.808737501010786008e-01
9.147234231123160253e-01
1.000000000000000000e+00
0.000000000000000000e+00
3.549551229710412592e-02
3.028287979335815283e-01
0.000000000000000000e+00
-3.763113508979996080e-01
-5.843630509241455329e-01
2.378331671056499452e-02
0.000000000000000000e+00
2.465301734517446608e-01
0.000000000000000000e+00
6.407999894240337113e-01
4.518985749545962882e-01
8.153072419026416995e-01
0.000000000000000000e+00
0.000000000000000000e+00
-8.824822072026885511e-01
1.000000000000000000e+00
-4.538005353257013041e-01
-5.467669415104738917e-01
0.000000000000000000e+00
-7.874680347089502153e-01
0.000000000000000000e+00
7.078860143697440765e-01
-5.103360440619661986e-01
-5.790421226087070217e-01
1.000000000000000000e+00
-1.541647032206079349e-01
4.339221978099505606e-01
-9.362538597465097645e-01
-2.752861773935186829e-01
-6.562380157485352417e-01
3.455308828270835519e-01
1.000000000000000000e+00
0.000000000000000000e+00
-9.493105703461979239e-01
4.588470148836081286e-01
0.000000000000000000e+00
-4.886198918851147877e-01
6.267087748045516715e-01
-6.857634226264501809e-01
0.000000000000000000e+00
3.829908520271814165e-01
-2.288682372948789290e-01
-9.136780084050013517e-01
0.000000000000000000e+00
-6.971597824868969173e-01
-9.274620115131719800e-01
-3.115979889264106628e-01
2.304789666497151224e-01
4.849192462515592439e-01
-7.737701939638461646e-01
-3.255724536067094999e-01
0.000000000000000000e+00
0.000000000000000000e+00
0.000000000000000000e+00
4.798933274414010075e-01
8.040403167000735873e-01
5.113243073501285707e-01
7.248915526508556972e-01
4.106902801015310800e-01
-5.444097580337459164e-02
-5.489448593042247637e-01
0.000000000000000000e+00
-3.673881465434816196e-01
-7.959017899006035623e-01
-1.043562771616977081e-01
0.000000000000000000e+00
0.000000000000000000e+00
1.699113962212148721e-01
0.000000000000000000e+00
2.960539352835422910e-02
-7.123410720461120782e-01
0.000000000000000000e+00
-4.818071534955890023e-01
2.121558781070054245e-01
-1.604889086885061822e-01
-9.639335617501467723e-01
1.159002476781598734e-01
-7.188612420773314859e-01
-8.864380083536071986e-01
-9.328875075027061037e-01
-6.776699696375316773e-01
-8.082561127336336249e-01
2.701513950773337669e-01
1.651836807128725937e-02
0.000000000000000000e+00
8.682606373936134769e-01
9.890504665190062994e-01
-5.350523186643798557e-01
-1.106050897606065675e-01
-4.984384763176856747e-01
1.824746910959960111e-01
2.483281015095646360e-01
6.004149112687926504e-01
4.189966076586992827e-01
-4.867814230239300155e-01
0.000000000000000000e+00
5.237988756116918054e-02
0.000000000000000000e+00
-9.290011765844707892e-01
-1.825471645558514044e-01
-7.776500655400480078e-01
4.475393457386098728e-01
-5.182689711166734714e-01
-8.004538264900180611e-01
-6.364798433991494253e-01
-5.369491412457183532e-01
-5.652927305632815536e-01
0.000000000000000000e+00
-7.119377771231949481e-02
0.000000000000000000e+00
2.835175153613493926e-01
-5.751005160110205239e-01
0.000000000000000000e+00
9.262333096584753900e-01
4.578620911550486117e-01
0.000000000000000000e+00
2.300268443409536623e-02
1.621526120803189475e-01
-8.975305127883399514e-01
-1.639672230350872617e-01
5.012906463952360170e-02
-6.375498783496569288e-01
-8.124264230833633249e-01
0.000000000000000000e+00
0.000000000000000000e+00
0.000000000000000000e+00
8.429006951837385575e-01
2.210206742060605301e-01
-4.208384649396734734e-01
9.670421471066374952e-01
-2.555465801317318153e-01
-9.618897903807908101e-01
3.706213446297390579e-01
-7.976762487736863694e-01
-3.881552785874702316e-01
6.812233742376816448e-01
3.451435092895320800e-01
-9.685558555713236206e-01
-9.715308159603530669e-02
-1.786512488529861109e-01
-2.827411199599771940e-02
-5.835062132844046623e-01
1.774901243084165969e-01
-8.524213730494940577e-01
-4.312812980392282114e-01
-2.541957899060640624e-01
0.000000000000000000e+00
0.000000000000000000e+00
5.099682284957973710e-01
-7.119152221460165464e-01
7.016472080806119838e-01
0.000000000000000000e+00
5.576069991575480778e-01
0.000000000000000000e+00
4.598017896400752313e-02
6.907479780378167344e-01
-3.239165298909210122e-01
5.363572345762139815e-01
0.000000000000000000e+00
-2.108527984059553884e-01
0.000000000000000000e+00
-2.153944258902216191e-01
0.000000000000000000e+00
2.389714102651330219e-01
0.000000000000000000e+00
6.752779576410439244e-01
1.950721158168835512e-01
1.760011838440234122e-01
0.000000000000000000e+00
9.698672070460032657e-01
0.000000000000000000e+00
6.815827144913217950e-01
0.000000000000000000e+00
-1.764204444587822440e-01
4.953358251819151015e-02
-9.076852816514471289e-01
-7.834913365344509106e-01
0.000000000000000000e+00
-7.435789686672003018e-01
8.747688520149505820e-01
3.594582900405611792e-01
8.301805581911532173e-01
-8.453269989398444206e-01
-3.883793136821254155e-01
5.958554850120874047e-01
-9.823090992428886725e-01
-7.880800415770028433e-01
-2.987175848992238425e-01
-6.537235375502687962e-01
-7.062795694573986705e-01
3.395287243030102875e-01
-8.161541471479651921e-01
