-3.106893526009626427e-01
-1.237021422019743966e-01
2.459405413206305901e-01
-3.724390472279746067e-01
8.251738370582581972e-01
7.721536885865392108e-01
3.246237233934043953e-01
8.806553468458442335e-01
-5.743180243099821336e-01
3.553468179107257541e-01
-7.787320594263478224e-01
-8.164573569082977933e-02
-5.569676508085925626e-01
-6.437552492540046245e-01
-1.953668661200753665e-01
-3.783559554025841543e-01
-9.941117906935514892e-01
2.798037378124340613e-01
6.753372511415267621e-01
-4.139343618638273714e-01
-9.979783308996665880e-01
-9.950061636286626765e-01
4.468898697572951662e-01
-9.998981400822681831e-01
-7.945026683225262509e-01
8.904634826208859266e-01
1.395484779518434415e-01
-5.029916659448769867e-01
-6.634660156692226973e-01
3.681135283833056882e-01
9.828199341522216859e-01
-2.020249782547391959e-01
-5.456366804033137008e-01
-7.965734364716114957e-01
-3.304223722176178324e-01
6.909602182856879882e-01
1.384306657822829134e-01
1.082149088787371927e-01
8.952273495341973586e-01
5.023882014990250777e-01
-4.853323888920570983e-01
-1.478739097444550232e-01
-7.433741339122557079e-01
-4.834147658178271634e-01
-1.840504460324181579e-01
-3.373750886464281784e-01
-4.656491872486183681e-01
-3.337824424314916882e-02
-8.772234093434470026e-01
-1.869720698223982236e-01
-3.146460395303820601e-01
-8.913106296281705365e-01
1.867437422773594591e-01
4.099087548582658336e-02
3.223553478410547957e-01
-6.537392750657620155e-01
2.677058013966771011e-01
-6.997064902031848721e-01
8.717526903766732449e-01
2.941064826575774394e-01
-4.800515675528467252e-01
3.263547938158908313e-01
5.853293549126514783e-01
-4.315617169912462359e-01
-6.837703376065416006e-01
-2.288342578727120546e-01
6.003985369509323711e-02
1.161492754046888898e-01
9.736776635795796331e-01
7.820873224629329989e-01
7.965447217207275443e-01
7.262069711413905448e-01
9.824941188744131804e-01
6.837121939955381755e-01
6.107322939836776765e-01
9.215971387102737111e-01
9.181156946464770208e-01
9.275286045678414748e-01
2.346774706845489167e-01
8.735083956858307186e-01
-7.215029141636044585e-01
6.834522335594250819e-01
-2.041601156687515850e-01
4.185300413040360379e-01
2.082288440046344835e-01
-1.309523014261919638e-01
2.965294186375833085e-01
2.942003574259370868e-01
6.985477480269031147e-01
-9.788101851332926540e-01
-9.675717202203950595e-01
-3.408563052877542354e-01
-9.741074387234676113e-01
5.828490773607919451e-01
5.491271454142720998e-01
-7.487827896853938014e-01
-1.986646334206372266e-01
8.575515604399324143e-01
9.801089271361722588e-01
-7.680012832916556231e-01
5.250657334364139395e-01
9.191978489433023647e-01
9.654656612776055802e-01
9.683042028187118788e-01
6.383803430686030289e-02
-7.525281764232509829e-01
7.217782472278604367e-01
-2.686392882236121604e-01
-9.719770183299838440e-01
2.542346420738197388e-01
6.811757183377180613e-01
6.899126567774926944e-01
-8.861904978410584111e-01
5.582323437037657321e-01
4.206769459372443620e-01
-4.792776548773167722e-01
7.732341053230522565e-01
8.595921601379281629e-01
-9.137808967120955028e-01
-8.046860719859671995e-02
7.574719775222871210e-01
-9.734270706804795115e-01
-6.782412218004940652e-01
6.480133526149123302e-01
-6.783437566619721082e-02
7.978262614392441776e-01
-2.889904203230100332e-01
-1.615733765170301872e-02
-1.887842419564931262e-01
5.114239954284474088e-01
1.213737336549383095e-01
-4.404981357416428711e-01
7.632938968387725787e-02
-5.942260680298638853e-01
8.461536695611071579e-02
-5.156128687355012730e-01
-7.197066683839927759e-01
-5.037563287242921017e-01
-1.273609752336624101e-01
-3.948682752379895078e-01
9.102231922213990245e-01
-9.494996551466616808e-01
-8.867460150567403332e-01
3.112606393961754314e-01
6.515274434360736056e-01
8.008957030345116301e-01
-8.074997249317086290e-01
5.028543031510817052e-01
-5.137939399549207309e-02
-5.758124902977361792e-01
-7.519019127476063158e-01
-7.588785573802849793e-01
-7.209622305715441826e-01
2.798904775127295519e-01
9.045167843654031703e-01
-5.559420527408216461e-01
9.835102663576542614e-01
9.249603892357782797e-02
-3.165767058154138613e-01
3.715813502083478159e-01
1.327790052163768664e-03
-4.860819345560076776e-01
1.096668848254376272e-01
6.462202228795073111e-01
5.304945932343063664e-01
1.485163645451814673e-03
-9.676568037357635710e-01
8.049657873195286140e-01
-6.098567584527485597e-01
5.110443968654168057e-01
-7.504045382157009669e-01
-2.154510578370150142e-01
9.418883091389120832e-01
-5.868136744218594991e-01
-9.429298161312387183e-01
1.243148007499326191e-01
9.190426880983630920e-01
-1.703555160234218047e-01
3.131249539959628514e-01
1.567111679967181370e-01
2.380997471276269373e-01
5.916643766534537274e-01
5.296543250987177931e-01
-5.721895142263389022e-01
3.603491416492270449e-01
-6.220706658974488601e-01
5.505423366415682640e-01
-6.509839020797656417e-01
-1.557144138346233664e-01
5.287724991665301300e-01
-7.929888525941013455e-01
-5.075343028554608615e-01
2.877691368384807102e-01
-8.912343413296683892e-01
-1.446296667841098227e-01
9.866931827874534378e-01
9.070825036988983125e-01
-6.610963917903138753e-01
6.304927137170133200e-01
-3.668251866733727162e-01
5.745490638523615967e-01
-6.207741158006796489e-01
7.070785334904647890e-01
5.773140438602819557e-01
6.024776858026243964e-01
4.762508017548683359e-01
2.079966283745591227e-01
1.880325182173083753e-01
3.170644892774785450e-01
-1.023316035966108650e-01
-9.538110628577767258e-01
-9.801346983079806119e-01
9.833155547348273462e-01
-5.748265355174169144e-01
9.148181528566436960e-01
-6.014920251450501798e-01
-8.798449165476731615e-01
1.983182947328681056e-01
9.625306208668487074e-01
7.229782947732021903e-02
-3.095571481647911849e-01
3.637075038897932266e-01
7.867908065668662854e-01
-3.148428236539000391e-01
-5.352985136449595061e-02
-5.359724774658476409e-01
-1.492100506560429807e-01
-2.711988950510617613e-01
5.118965232930032805e-01
3.297372549037569378e-02
-1.390177005019794798e-01
1.319924815913764427e-02
8.865950809820943856e-01
-8.147126880064905485e-01
4.190585034796678876e-01
7.574445313266009450e-02
3.859752069271156216e-01
9.818481849280198404e-01
-1.902823498684007575e-01
-2.289325914666864303e-01
-6.189203477540039522e-01
6.817670965008519879e-01
8.853387166844060019e-01
3.468196660370459483e-01
-7.579340618789229822e-01
3.828460077804116679e-01
-9.994567118737265332e-01
-9.924893520960575977e-01
5.813121581370626068e-01
-5.352011749462444179e-01
8.790758704320011940e-01
7.332095051109470685e-01
-4.755305352706535871e-01
-3.565922820584013220e-01
-6.982634669594018906e-01
-9.231221397162865383e-01
5.230861532574171413e-02
-5.041076600656724249e-01
2.116057222955758377e-02
6.568511716714537929e-01
-4.019250749700296055e-01
3.216447668963806628e-01
1.305141922684478484e-01
5.552698373747106952e-01
4.892470353485811607e-02
