0.000000000000000000e+00
0.000000000000000000e+00
8.713539131851033570e-01
-7.974624392571814102e-01
-6.782894478094576574e-01
0.000000000000000000e+00
0.000000000000000000e+00
0.000000000000000000e+00
6.927484405599060313e-01
0.000000000000000000e+00
2.684687918831463183e-01
-2.395115481175751349e-01
4.969459152813813230e-01
9.439434850603387606e-01
2.510371327124267804e-01
-2.619418807723898901e-01
8.340464275163086416e-01
-9.888921344798760060e-01
5.091213746157170483e-01
9.040951999997757227e-01
-5.443420110519228139e-01
2.742679147092421665e-01
-7.848052490482031462e-01
-2.084079710683657272e-01
8.865585217968046106e-01
0.000000000000000000e+00
-6.233050213009312390e-01
-6.886956394055312458e-01
-6.890196018806462597e-01
-5.512042297237609301e-01
9.133937657015376299e-01
0.000000000000000000e+00
2.428653094028843107e-02
6.108142989058273908e-01
0.000000000000000000e+00
9.497346640651742611e-01
0.000000000000000000e+00
6.259087477555547174e-02
8.119117786338232445e-01
-3.802013060269950895e-01
0.000000000000000000e+00
-2.416795579559900542e-01
0.000000000000000000e+00
-2.022295625441685729e-01
-7.624273081686230302e-01
-2.963467177201741798e-01
4.129723320713438728e-01
6.982331496406513072e-01
1.247161178325804087e-01
0.000000000000000000e+00
0.000000000000000000e+00
3.022000119819361341e-01
2.395720557079521473e-01
-4.824485546550243420e-01
-8.779737181956561720e-01
0.000000000000000000e+00
-4.928760818620558926e-01
6.503713230081873409e-01
7.149246754023075301e-01
-8.681777438454281182e-01
5.256134867004469413e-01
-9.759111252879648646e-02
0.000000000000000000e+00
0.000000000000000000e+00
0.000000000000000000e+00
-8.140224619005300699e-01
8.838941623296041605e-01
8.373128300707846083e-01
0.000000000000000000e+00
9.502381752860915576e-01
6.024651191026211272e-01
3.671485519576782597e-01
6.840004264995602767e-02
4.311233254614841304e-01
1.527244256563207170e-01
0.000000000000000000e+00
-5.269539444048660926e-01
-1.532041323746193839e-01
-4.663084253596967432e-01
-9.979758070789614965e-01
4.120419398799202160e-01
0.000000000000000000e+00
-5.207481958507913511e-01
0.000000000000000000e+00
4.550671549547469219e-01
5.288448213633336614e-01
0.000000000000000000e+00
-3.910612955422476666e-01
3.158420018594327860e-01
-4.869896970101410538e-01
6.749247508622135960e-02
6.269096040464947617e-01
0.000000000000000000e+00
7.260025706625006237e-01
6.485901485114484721e-01
0.000000000000000000e+00
-2.166645737548964501e-01
-4.464466002849094561e-01
-6.789797438901423732e-02
-8.287727443217023371e-01
0.000000000000000000e+00
-5.105889189874899259e-01
-8.488800305719497175e-01
-7.247854444825534426e-01
0.000000000000000000e+00
-3.367476207153061729e-01
2.369184352360869106e-01
0.000000000000000000e+00
-5.651099660918805778e-01
-4.841551768563245872e-02
1.561363640484869642e-02
2.717045020047659243e-02
-2.368757655902999915e-01
9.273069051504512217e-02
9.663132085891015244e-01
-2.837583984161258233e-01
4.062684224208834571e-01
-1.372040360948805215e-01
4.248998616888990387e-01
-2.076536250620049096e-01
6.026430089294081416e-01
9.815684826350019598e-01
0.000000000000000000e+00
4.906817154244862422e-01
-8.976472895917826378e-01
3.709032333616599786e-01
3.856401596381973107e-01
0.000000000000000000e+00
5.407668758594228464e-01
6.429403965567872525e-01
8.358265362722869796e-01
-1.748102436046592434e-01
0.000000000000000000e+00
-5.955054436551119323e-01
-9.743514783016657965e-01
5.514823148175862499e-03
9.590918542878439368e-01
-2.592649989908972774e-01
0.000000000000000000e+00
0.000000000000000000e+00
0.000000000000000000e+00
7.333399123550115029e-01
-8.864599411678364405e-01
-9.707828448334985261e-01
4.894521580269375338e-01
-1.857452894078925887e-02
-3.869567238906899131e-01
0.000000000000000000e+00
-6.513542346452527720e-01
0.000000000000000000e+00
1.000000000000000000e+00
0.000000000000000000e+00
0.000000000000000000e+00
-4.886532765043043458e-01
-3.030151008555006520e-01
7.968320308204908109e-01
1.521832136703946681e-01
1.000000000000000000e+00
7.091766569982180801e-01
0.000000000000000000e+00
2.610461652309059577e-01
1.000000000000000000e+00
0.000000000000000000e+00
9.247588652538949461e-01
0.000000000000000000e+00
3.874483861660662498e-01
0.000000000000000000e+00
0.000000000000000000e+00
-4.898413234017160445e-01
-6.770404796476525711e-01
0.000000000000000000e+00
2.711249980603418486e-01
-1.161845154753446963e-01
1.273290720954873834e-01
4.082516718446991266e-01
0.000000000000000000e+00
0.000000000000000000e+00
-9.945261387055970292e-01
-4.420820111994863133e-01
-4.032488884921929806e-01
-2.550834957249441537e-01
9.204439610497996416e-01
-5.687529433716753680e-02
4.522246875472064609e-01
-4.209095805607894203e-01
8.190172384094385194e-02
4.064770667432207052e-01
-7.519576024309650997e-01
-4.031253711781861426e-01
0.000000000000000000e+00
-7.706386358849481866e-01
1.000000000000000000e+00
1.445050077426659474e-01
3.623188682387481485e-01
0.000000000000000000e+00
-5.202279361621544584e-01
1.399992650164880725e-01
-9.040805908010669523e-01
-4.915045129524528988e-01
-5.637191991169312466e-01
0.000000000000000000e+00
0.000000000000000000e+00
5.701560198039823391e-01
0.000000000000000000e+00
0.000000000000000000e+00
6.171041110653958661e-01
-7.163986788588121435e-01
9.028350895911749774e-01
0.000000000000000000e+00
2.558345762339320206e-01
0.000000000000000000e+00
-3.400236150146902503e-01
-1.348731775859259852e-01
6.376508985873337032e-01
8.919132203257538194e-01
-7.725174291674856697e-01
0.000000000000000000e+00
0.000000000000000000e+00
5.144918576058101767e-01
0.000000000000000000e+00
0.000000000000000000e+00
-6.029884000403002986e-01
2.852613335015476981e-01
-3.510523087107888518e-01
8.420483064355424041e-01
0.000000000000000000e+00
0.000000000000000000e+00
1.000000000000000000e+00
9.582276239711151611e-02
0.000000000000000000e+00
-1.951365197019305775e-02
2.625217165806410513e-01
0.000000000000000000e+00
9.507688990618274882e-01
9.834390868057680812e-01
-5.776920609409437191e-01
-7.302278821298719969e-01
4.984928291382024756e-01
1.499526914944089295e-01
0.000000000000000000e+00
0.000000000000000000e+00
2.486587588408495364e-01
-7.374702810835775946e-01
-4.774443181179448548e-01
-7.641105875876275100e-02
-7.413874039545376160e-01
1.000000000000000000e+00
0.000000000000000000e+00
0.000000000000000000e+00
-5.646645786258996935e-01
-9.144893406668843649e-01
-1.392679840285522275e-01
6.759071426455640630e-01
4.638655798292170562e-01
-2.570164005646762284e-01
7.284648176452130919e-01
7.506632090651790268e-01
5.742028454172323215e-01
-6.357711190761412556e-01
-7.433441506829505663e-01
6.284419481561864806e-02
5.218175231188715291e-01
4.057325026950795444e-01
0.000000000000000000e+00
1.928737622815093200e-01
