-8.171875234819607758e-01
0.000000000000000000e+00
-4.059863848038847145e-01
9.274944034672258919e-01
-3.822630070110279998e-01
1.000000000000000000e+00
0.000000000000000000e+00
5.312548159487600063e-01
-2.856583903296039395e-01
0.000000000000000000e+00
-3.004471388917318020e-01
7.145931638321156854e-01
9.698693630069012972e-01
-7.197781941794154648e-01
2.012944811732957362e-01
0.000000000000000000e+00
5.820856461492143197e-01
1.130362100057924479e-02
-9.209766943507193826e-01
0.000000000000000000e+00
3.088746247618510132e-01
4.335030553653360652e-01
-8.154960832985369557e-01
9.518538085018619643e-01
0.000000000000000000e+00
-4.348070043890617242e-01
0.000000000000000000e+00
0.000000000000000000e+00
-3.296568565526278860e-01
0.000000000000000000e+00
0.000000000000000000e+00
5.803183671957738987e-01
0.000000000000000000e+00
-4.240332834005962059e-01
0.000000000000000000e+00
9.946036866001577437e-01
3.182545109859298282e-01
-4.905918486221905184e-02
0.000000000000000000e+00
0.000000000000000000e+00
0.000000000000000000e+00
-7.108039639258492137e-01
8.749634186070243125e-01
0.000000000000000000e+00
-8.385114562764608426e-01
0.000000000000000000e+00
0.000000000000000000e+00
0.000000000000000000e+00
7.870454546199723289e-01
-1.961250878770217643e-01
0.000000000000000000e+00
0.000000000000000000e+00
0.000000000000000000e+00
0.000000000000000000e+00
0.000000000000000000e+00
5.630885734174011503e-01
2.760947564948643684e-01
0.000000000000000000e+00
9.296315766318601348e-01
0.000000000000000000e+00
6.889687275115752296e-01
-7.530555708765773737e-02
0.000000000000000000e+00
3.296783952658703942e-01
0.000000000000000000e+00
7.638499328633017171e-01
6.625813978983385866e-01
-5.574370364998124661e-01
-4.557093088644721401e-01
-1.099316586790775041e-01
0.000000000000000000e+00
0.000000000000000000e+00
-1.466202049987641587e-02
-7.613657226225809538e-01
9.360244895604561410e-01
0.000000000000000000e+00
9.240127599465552954e-01
0.000000000000000000e+00
0.000000000000000000e+00
0.000000000000000000e+00
0.000000000000000000e+00
-8.212788666191654929e-01
-6.801872110857085652e-01
0.000000000000000000e+00
0.000000000000000000e+00
0.000000000000000000e+00
1.067959122763926239e-01
0.000000000000000000e+00
8.054909375294820872e-01
-2.100122154689281206e-01
1.643030817157240531e-01
-3.568487370729203079e-01
5.189640257602823326e-01
0.000000000000000000e+00
-1.012099598045392845e-01
-1.543993616400762825e-02
1.351855205258025716e-01
0.000000000000000000e+00
-1.094654492469857576e-01
6.475435466897616621e-02
-2.287320253684501647e-01
0.000000000000000000e+00
0.000000000000000000e+00
0.000000000000000000e+00
0.000000000000000000e+00
0.000000000000000000e+00
-2.626735786995342270e-01
-5.960231724729114777e-01
8.583565026351664962e-01
3.146172556788315866e-01
0.000000000000000000e+00
1.364500677175306542e-01
0.000000000000000000e+00
-8.203138876301527826e-01
7.135906699698917333e-01
0.000000000000000000e+00
0.000000000000000000e+00
0.000000000000000000e+00
1.000000000000000000e+00
-1.985246181243709440e-01
7.118742624247207385e-01
0.000000000000000000e+00
-3.405415857291680393e-01
3.103444897380940315e-01
-3.093067142034693351e-01
2.141602260441204386e-01
0.000000000000000000e+00
0.000000000000000000e+00
0.000000000000000000e+00
-3.849169094833859717e-02
0.000000000000000000e+00
4.913604398384294747e-01
0.000000000000000000e+00
1.000000000000000000e+00
-1.540188738347878505e-01
3.278323539478273929e-01
3.057793759490425867e-01
2.516442017711812973e-01
-9.088999980716314653e-01
6.990912932289239379e-02
0.000000000000000000e+00
9.074854648584040895e-02
1.000000000000000000e+00
3.721244521792437254e-01
-5.440678010651622820e-01
2.650304366446107895e-01
-1.521748456329756749e-01
0.000000000000000000e+00
6.687527999931568434e-01
2.945746314767812013e-01
8.391885842116313388e-01
2.541345062760456130e-01
-4.727753427912591011e-01
0.000000000000000000e+00
0.000000000000000000e+00
-2.099104065895975868e-01
-8.916761603136791337e-02
-2.579621050991818265e-01
9.219169146725831876e-01
-7.597214462977097682e-02
-4.235680939389667721e-01
0.000000000000000000e+00
6.468985386385845970e-01
0.000000000000000000e+00
5.750086238311633569e-01
3.874483861660662498e-01
3.318231118606682628e-01
-6.921770833637042042e-01
0.000000000000000000e+00
0.000000000000000000e+00
0.000000000000000000e+00
2.711249980603418486e-01
-1.161845154753446963e-01
1.273290720954873834e-01
0.000000000000000000e+00
-8.567836908783694749e-01
-5.895450228573950735e-01
-9.945261387055970292e-01
-4.420820111994863133e-01
-4.032488884921929806e-01
-2.550834957249441537e-01
9.204439610497996416e-01
-5.687529433716753680e-02
4.522246875472064609e-01
-4.209095805607894203e-01
8.190172384094385194e-02
4.064770667432207052e-01
0.000000000000000000e+00
-4.031253711781861426e-01
-4.194828974552162748e-01
-7.706386358849481866e-01
2.017494692207533191e-01
1.445050077426659474e-01
0.000000000000000000e+00
-7.376468423072239933e-01
-5.202279361621544584e-01
1.399992650164880725e-01
-9.040805908010669523e-01
-4.915045129524528988e-01
0.000000000000000000e+00
-8.061787886579505624e-01
-7.944645940813648277e-01
5.701560198039823391e-01
-4.553703360367999942e-01
4.136783853718568604e-01
0.000000000000000000e+00
-7.163986788588121435e-01
0.000000000000000000e+00
7.468633804184157121e-01
2.558345762339320206e-01
0.000000000000000000e+00
-3.400236150146902503e-01
-1.348731775859259852e-01
6.274946978275957044e-01
-5.697673420298221547e-01
-9.423892157043494144e-01
-6.116959049235302093e-01
3.868977994040820878e-01
9.259537092640799383e-01
0.000000000000000000e+00
0.000000000000000000e+00
-5.507222827681388377e-01
7.941626640912839985e-01
0.000000000000000000e+00
0.000000000000000000e+00
0.000000000000000000e+00
0.000000000000000000e+00
0.000000000000000000e+00
3.051830009836984381e-01
9.384763783671052906e-01
-7.204443916977503193e-01
8.748757955306658562e-01
5.263706684839473127e-01
4.531196402842743165e-01
-9.492727750803466868e-01
-1.711829677619889356e-01
5.109426982875309164e-01
6.791478092713782999e-01
-4.762987729899812450e-01
-8.285822185848930044e-01
6.266592606637675367e-01
-5.033008410717185743e-01
0.000000000000000000e+00
0.000000000000000000e+00
0.000000000000000000e+00
-9.124343197467386091e-01
0.000000000000000000e+00
-6.154218752847975260e-01
-1.522520074752029551e-01
7.527126031180242371e-01
-3.992715513630336055e-01
-9.723395745426801628e-01
9.833234790720219998e-01
2.492456275178345226e-01
-4.552987666257939381e-01
4.696905351206115409e-01
-2.755915493682741246e-01
7.339720246469965126e-01
6.677175869679179421e-01
4.236789017593884932e-01
-5.036727950925639075e-01
6.674598567357461487e-01
4.298023107515804853e-01
2.662083929397374149e-03
-2.380132659240499216e-01
