-8.368693346551998591e-01
4.150554313170355947e-01
8.771432008948722991e-01
2.706380894909967694e-01
-9.538731441589463067e-01
-4.472356495199993898e-01
-5.553660880975153091e-02
7.952510005689013006e-01
-1.331513659052767640e-01
-5.046694474365160943e-01
4.934052861322588690e-01
4.679880668541354094e-01
9.664458780590685638e-01
2.378324210976483499e-01
5.359604624075851032e-01
7.612502442513366940e-01
-6.118338545547021834e-01
-9.250501315249552992e-01
6.402256873068310483e-01
2.479480754633898165e-01
7.394763273357836120e-01
6.870951185294917885e-01
-7.563173392383324423e-01
-4.551066052706131959e-01
7.007674217902419844e-01
1.096146787134764100e-01
5.728261622354433591e-01
8.134868435128228548e-01
-9.701325480710316640e-01
-4.985708206708114876e-01
-8.528828396652552435e-01
-5.460438631297390710e-01
-2.231741003084903863e-01
8.314814903614544672e-01
-5.646788308183785521e-01
-1.778575957767492000e-02
-1.480310594158051885e-01
9.059088832170105743e-01
3.534868023976993623e-01
-1.742067692026496584e-01
-8.228762411748673511e-01
-4.665195364732173111e-01
-7.525805341234805823e-01
9.844242588726797027e-01
-4.089915134371941985e-01
-6.438584005667227217e-01
-9.373438787256238580e-01
-6.902802518197357351e-01
1.919675581819946242e-01
-1.449344601451851844e-03
1.651915123565799171e-01
4.408895523538418626e-01
-6.170858205631106763e-01
1.953378147680568944e-01
1.757184894314558488e-01
9.555639580602581784e-01
-1.702996113973889170e-01
-5.642621047169913417e-01
-5.479846251976010496e-01
4.185047496018865498e-01
6.104073579053312937e-01
-4.045137601322430498e-01
6.492870125918190904e-01
8.631981162023176779e-01
-2.372722962249507184e-01
-8.103134232035100748e-01
8.488791604618317610e-01
-4.928598389113327816e-01
9.817696858177256125e-01
-2.084253144666070590e-01
-7.709869338219377255e-04
-1.002539798131918403e-01
-8.528991288223304323e-01
-2.867845166743090424e-01
-8.234431616805790721e-01
-2.769850547833030419e-02
-7.725316679328617653e-01
2.165454296876447859e-01
7.648267586533674667e-02
8.416336126437731213e-01
6.383931844207955120e-01
2.314763787478362200e-01
5.887232516319813591e-01
-2.040604041206273145e-01
6.238318322484528444e-01
2.415631087988283632e-01
6.599636433350488662e-01
7.476694317104728427e-01
3.408408623171119700e-01
8.040959724282261689e-01
-9.728201002940504161e-01
8.662341197369602952e-01
-2.604186804474983852e-02
8.565240918473326914e-03
-5.335229765093472132e-01
-3.621563857068414993e-01
1.124693684945365924e-01
-2.791300626890838021e-01
-9.846812204145614089e-01
-3.173807738587450800e-01
-6.795996890215911801e-01
9.850846846584349059e-01
-8.171701231220880324e-01
4.406240165286792188e-01
5.259884549967506207e-01
9.982155712197717801e-01
4.683557870614070140e-01
4.557302357951875660e-01
2.372489675457245539e-01
7.914341996169764748e-01
6.858269097560008021e-01
1.180839229925556566e-02
9.309366684392719193e-01
1.510398151432770231e-01
-1.797298514572462924e-01
-4.159411681072697764e-01
2.457904570040894132e-01
1.083577177056056495e-01
-3.776814658979534833e-01
-5.432618534539490618e-02
-1.643197468609971512e-01
7.425255935585133304e-01
-7.549885759070946722e-01
-8.553430640287162934e-01
9.320260020593940098e-03
9.266539880259627715e-02
-9.374733131070225323e-01
-1.091446255097296980e-01
-7.418529486695748520e-01
-6.141999649309650700e-01
5.475900632039560900e-01
-9.623838499055421547e-01
-7.877352138273152615e-01
-8.126659778060734141e-01
-1.540188738347878505e-01
3.940781701155120498e-01
-8.143430337117885109e-01
1.240869185228254956e-01
-2.661845343396047614e-01
4.795479735694885282e-01
9.376896656578603828e-01
-7.615444306487733073e-01
8.093905342094571687e-01
7.419692288813983794e-02
4.289762145215014755e-01
-5.351476833102513098e-01
-5.393756295077039020e-01
7.488032405377000877e-01
4.689194252421087228e-01
8.470902528175157098e-01
1.535084678384603940e-01
7.508311557542861614e-01
8.310594358089657963e-01
2.945490103415093763e-01
-2.878001556041585030e-01
1.931671444418416872e-01
5.632486624104848794e-02
-3.544235829606723343e-04
-6.075700209170722399e-01
-2.317336172134265571e-01
7.588275651864073712e-01
-5.190571305757771814e-01
7.738847804997837088e-01
4.267618368640861970e-01
-6.806825399168328072e-01
9.535616861811413436e-02
-7.716686084333446161e-02
1.763889470584418806e-01
8.386210971689156413e-01
-6.996075806428945221e-01
9.447921094717817159e-01
9.894281857539624081e-01
7.803831727785282002e-01
9.262506928667790795e-01
-3.787843364236591626e-01
-4.956789840295219296e-01
-2.134685653967127728e-02
-1.170179395988113491e-01
9.463333476399782285e-01
4.092990320155813766e-01
3.170583666291935110e-01
7.878874724809343810e-01
8.831846628575148461e-01
-1.513511359683565871e-01
-2.932140601218833353e-01
-1.387044417141527486e-01
-5.144640571950762631e-01
4.120112248767782148e-01
-9.407425191928859842e-01
-7.738818476730748852e-01
8.887701846007580730e-01
3.146732563439922359e-01
2.394216680130287767e-01
8.965876972435535830e-01
-5.295846919016420351e-01
-5.118644046262614822e-01
-2.066150384262224193e-01
-3.133254354258785401e-01
-2.358019377066848943e-01
2.473605084728043302e-01
-1.119768703665076082e-01
-9.537963778259503922e-01
3.768530378322152430e-01
2.266664763880457123e-01
-3.917192084662886042e-01
1.760075191798120553e-01
-1.109953742057545600e-01
-9.710251080306029348e-01
-5.344609123054342437e-01
9.392411335369772463e-01
-3.390599086716907795e-01
-8.042150491262496370e-01
9.225977787846832978e-01
6.274946978275957044e-01
-5.697673420298221547e-01
-9.423892157043494144e-01
-6.116959049235302093e-01
3.868977994040820878e-01
9.259537092640799383e-01
-3.407750727051892525e-01
-9.115012362974905802e-01
-5.507222827681388377e-01
7.941626640912839985e-01
-7.433464168078938172e-01
-6.863914094952261458e-01
9.689513501294619857e-01
-1.870210658029720641e-01
-7.140042502496344312e-01
3.051830009836984381e-01
9.384763783671052906e-01
-7.204443916977503193e-01
8.748757955306658562e-01
5.263706684839473127e-01
4.531196402842743165e-01
-9.492727750803466868e-01
-1.711829677619889356e-01
5.109426982875309164e-01
6.791478092713782999e-01
-4.762987729899812450e-01
-8.285822185848930044e-01
6.266592606637675367e-01
-5.033008410717185743e-01
4.179665798528160447e-01
6.257282173173404072e-01
3.010631057410144695e-01
-9.124343197467386091e-01
-5.211638107842286871e-01
-6.154218752847975260e-01
-1.522520074752029551e-01
7.527126031180242371e-01
-3.992715513630336055e-01
-9.723395745426801628e-01
9.833234790720219998e-01
2.492456275178345226e-01
-4.552987666257939381e-01
4.696905351206115409e-01
-2.755915493682741246e-01
7.339720246469965126e-01
6.677175869679179421e-01
4.236789017593884932e-01
-5.036727950925639075e-01
6.674598567357461487e-01
4.298023107515804853e-01
2.662083929397374149e-03
-2.380132659240499216e-01
