-9.439905704904827388e-03
-8.280276070261094468e-02
-6.655553317194868868e-01
7.675563534583804692e-01
1.670947828734243856e-01
5.187469844913090711e-01
-5.192187964856633808e-01
4.433753528106387787e-01
3.902155274298473309e-01
5.484543046130549993e-01
-6.288617317998499434e-01
8.988283212454546423e-01
-8.760038996419394763e-02
-8.392834769848762644e-01
8.438578246378576342e-01
-3.884141904166014125e-01
7.915236781918602027e-01
-5.845002371970353661e-01
-8.549551316580732419e-01
2.671899611691275211e-02
9.735420364114233394e-02
3.477978129604124558e-01
2.819659317000193788e-01
-2.764158354831172115e-01
5.197350155585163112e-01
3.000666214379510421e-02
-7.105997849747229811e-01
1.682132033001142446e-01
-2.956911667512596154e-01
9.072253988053669005e-02
-6.834668476792613578e-01
-4.948586834394634870e-01
-4.705399848914679772e-01
3.272882368657274998e-01
-9.528464403146377215e-01
-1.674208324229198297e-01
-1.964645030262268666e-01
7.473870031357774391e-01
-7.543792280461592004e-01
2.917602104585870215e-02
6.205861620663306599e-01
-1.836626184477549995e-01
9.121071393304858166e-01
-4.917298061141204268e-01
-9.928583559440040673e-03
-3.892621488088172654e-01
-4.369459142031775212e-01
-8.593152640788570551e-01
5.539330676902181061e-01
3.082458648004076096e-01
6.727620620573124821e-01
-4.628965051785383089e-02
-6.356527384615955345e-01
3.206954914445439009e-01
8.686832399603616750e-01
1.139916162032035274e-01
-4.738349625086377692e-01
4.565217865821535881e-02
7.073891815131354566e-01
6.385580900579979069e-01
2.539887046878097632e-01
4.831488547026958624e-01
-9.362988339205016164e-01
-7.255027562378091321e-01
-9.779255818226721964e-01
-9.921873033887873561e-02
-2.066281662753133297e-02
-9.650636129826062337e-01
6.394590247580207443e-01
9.448860187594476656e-02
4.629351604740303827e-01
9.319976395979117090e-01
5.287692940392259011e-01
4.937429613433206299e-01
2.764648486236167546e-01
4.998179718500495028e-02
0.000000000000000000e+00
4.599729254151092572e-01
-1.900170300084704778e-01
-7.335170070939249776e-01
0.000000000000000000e+00
0.000000000000000000e+00
1.182876655614921724e-01
-1.113087085036168489e-01
6.140718490850938238e-02
0.000000000000000000e+00
1.996232169659171163e-01
-7.007335177862199505e-01
9.172720818449360269e-01
5.560240221869743316e-01
-8.052163343400140505e-01
-3.359467650816740925e-01
4.961121161997432694e-01
-7.365791707327116189e-01
8.373365589164025735e-01
2.687588189559426688e-01
0.000000000000000000e+00
-6.056203998919351683e-01
-8.032218319118586969e-01
0.000000000000000000e+00
5.438003819226493452e-01
-9.126958126831967721e-01
0.000000000000000000e+00
6.330451699213841543e-01
-5.503859751472628403e-01
0.000000000000000000e+00
8.040288269912798658e-01
-4.491640356536610312e-01
-4.061625318782087213e-01
9.261510526370930751e-01
-9.881866760548514428e-01
5.928372260759329215e-01
-5.093972991650459470e-01
-5.916830525118939033e-01
0.000000000000000000e+00
0.000000000000000000e+00
6.730191329891737073e-01
6.215723192429301047e-01
2.717967258787974405e-01
3.657192092504961689e-01
-9.270718306503049622e-01
-6.880671711600763185e-01
4.535020598277073045e-01
-3.247439582584228379e-01
4.461582676441868678e-01
-6.628785242535548683e-01
2.457186981066843412e-01
-7.498706822877696521e-01
0.000000000000000000e+00
4.071917142122272182e-02
6.252945904165536639e-01
1.441629891912277195e-02
5.125778591295313547e-01
-2.961162656551126204e-01
6.074420687401276275e-01
-2.880254044413768089e-01
-2.692063811405724927e-01
-1.925038885513630227e-01
9.868893044910818091e-01
-9.763925083097733104e-01
2.188184441387985846e-01
9.735645212476011778e-01
6.748881717614374498e-01
-9.297820901446818276e-01
-1.994541210391380659e-01
0.000000000000000000e+00
5.522059535732948277e-02
-4.473622387847371318e-01
5.831290854131079282e-01
0.000000000000000000e+00
7.416177956377607572e-01
0.000000000000000000e+00
-2.380322620714636628e-01
5.182542440011901341e-01
6.102992002622762424e-01
5.485618236504528067e-01
-2.997447080712789536e-01
-5.233176552938545445e-01
-1.345150598476998471e-01
-6.474333445033464418e-01
9.244401977626388600e-01
-6.898213832570647686e-01
1.158192230378765064e-01
-4.098509901891906893e-01
-9.801119472393211574e-01
-3.003727764049832771e-01
3.839351457678350510e-01
3.501013206811656175e-01
7.469270938737591070e-01
2.830610956060202188e-01
0.000000000000000000e+00
0.000000000000000000e+00
3.673391797388880775e-02
1.086186386836218709e-01
1.359072199049546903e-01
0.000000000000000000e+00
-3.832248220574876463e-01
0.000000000000000000e+00
0.000000000000000000e+00
-5.992275459732550047e-01
0.000000000000000000e+00
9.590291773190280367e-01
6.427301776861025218e-01
-9.919404632085990769e-01
-5.100479166507685402e-01
0.000000000000000000e+00
3.362388600360708413e-01
0.000000000000000000e+00
-9.971242056118412300e-02
7.774151671796423191e-01
4.768492585856809463e-02
-7.445414950520337083e-01
4.408974299503072292e-01
2.356336298269161578e-01
0.000000000000000000e+00
9.827933477714443367e-01
-6.841047664243491422e-01
0.000000000000000000e+00
-2.430637206722028321e-01
0.000000000000000000e+00
-3.386169270631060879e-01
2.053608506760233876e-01
5.550751585365776286e-02
4.775750255476467476e-01
0.000000000000000000e+00
3.577281599967840897e-02
8.942321323350432838e-01
0.000000000000000000e+00
-9.436088384645118232e-01
-7.498751931860532238e-01
-2.996192434269218108e-01
0.000000000000000000e+00
3.973665989682397814e-01
5.773710356779957475e-01
-8.822208189706550741e-01
4.376928730077924712e-01
1.031369656331453388e-01
0.000000000000000000e+00
-6.672333503736100901e-01
-7.697419286757556378e-01
-9.186305628805073731e-01
-4.033790969424284611e-01
6.206023089885315258e-02
-2.625788014922094682e-01
9.360805007050174709e-01
-6.775681696480801985e-01
-7.276014876148473309e-01
-9.803785439301233584e-01
5.174927367448360904e-01
0.000000000000000000e+00
-3.024230951322293137e-01
3.208820795325784125e-02
-8.443683102002816909e-01
2.845984345940635318e-01
3.553904147173434502e-01
0.000000000000000000e+00
8.375296625368882086e-01
-7.823792345560045547e-01
7.927038874629162013e-01
-2.664531710704542977e-01
0.000000000000000000e+00
-8.283623363406071860e-01
0.000000000000000000e+00
8.579169982520820081e-01
-7.460510112555833739e-01
1.522841879567893297e-01
3.271761729218798376e-01
3.647368126034302716e-01
-8.873366991655911029e-01
-4.932605350216330287e-01
2.886085863009208996e-01
-1.661298226946514855e-01
-3.061640868265054216e-01
-1.484430949479940143e-01
-2.198161271285066221e-01
4.848375729546756663e-01
0.000000000000000000e+00
1.895075011151128308e-01
-5.618658500530246958e-01
3.653082270043528368e-02
0.000000000000000000e+00
1.117251534543652891e-01
5.727894464810658892e-01
5.569316103805115326e-01
-6.531324085396081891e-01
