8.388030640210564215e-01
-7.939383957068848474e-01
-5.353435495893295037e-01
-8.175951636470557560e-01
-9.491548496455644024e-01
3.229483281012677232e-01
6.349157274412242646e-01
2.613597170374042378e-01
-5.449271890210112268e-01
1.712787084134936855e-02
-3.853322501574825143e-01
-3.289235695372725310e-01
5.517392565943513016e-01
-6.308656541424755293e-01
-4.620830529027648570e-01
9.009528323660407345e-01
6.749271193874823993e-01
-7.912427054851343122e-01
-7.516196357130660033e-01
7.864216306065932027e-01
8.333829522879931950e-02
-3.159371562385473453e-01
-8.997910513923887965e-01
4.933368350450826334e-01
-5.241077780841107980e-01
-9.579446703288279075e-01
-7.105997849747229811e-01
1.682132033001142446e-01
-2.956911667512596154e-01
9.072253988053669005e-02
-6.834668476792613578e-01
-4.948586834394634870e-01
-4.705399848914679772e-01
0.000000000000000000e+00
-9.528464403146377215e-01
-1.674208324229198297e-01
0.000000000000000000e+00
0.000000000000000000e+00
0.000000000000000000e+00
2.917602104585870215e-02
6.205861620663306599e-01
-1.836626184477549995e-01
9.121071393304858166e-01
-4.917298061141204268e-01
-9.928583559440040673e-03
-3.892621488088172654e-01
-4.369459142031775212e-01
0.000000000000000000e+00
5.539330676902181061e-01
3.082458648004076096e-01
6.727620620573124821e-01
-4.628965051785383089e-02
0.000000000000000000e+00
3.206954914445439009e-01
8.686832399603616750e-01
1.139916162032035274e-01
0.000000000000000000e+00
4.565217865821535881e-02
7.073891815131354566e-01
6.385580900579979069e-01
2.539887046878097632e-01
4.831488547026958624e-01
-9.362988339205016164e-01
0.000000000000000000e+00
-9.779255818226721964e-01
-9.921873033887873561e-02
-2.066281662753133297e-02
-9.650636129826062337e-01
6.394590247580207443e-01
9.448860187594476656e-02
0.000000000000000000e+00
9.319976395979117090e-01
0.000000000000000000e+00
0.000000000000000000e+00
2.764648486236167546e-01
4.998179718500495028e-02
5.356871197007249119e-01
5.652886286849450048e-01
-4.029189706987130748e-01
6.096056078386600241e-01
-7.016386359005706286e-01
6.457803920011562226e-02
0.000000000000000000e+00
-5.633503669239492417e-01
7.819992197669956013e-01
0.000000000000000000e+00
4.592674535199881003e-01
-6.972250120307963428e-01
-8.976252041766517031e-01
-4.979299266292795956e-01
0.000000000000000000e+00
7.848189182411442477e-01
0.000000000000000000e+00
4.446228238082317041e-02
-2.404072219155912737e-01
1.805853314184036051e-03
4.275505785822666383e-01
7.340577097794547257e-01
0.000000000000000000e+00
3.477685296463923770e-01
-3.064986583517368413e-01
-4.935519246105510849e-01
0.000000000000000000e+00
-1.906919476873334407e-01
2.181996105494434790e-01
1.835340616814207237e-02
0.000000000000000000e+00
0.000000000000000000e+00
0.000000000000000000e+00
0.000000000000000000e+00
0.000000000000000000e+00
8.995393880019066923e-01
-3.342102146445702360e-01
0.000000000000000000e+00
5.355739535905013060e-01
-4.080904469683457325e-01
5.892049907919354457e-01
-3.513624478922163785e-01
-6.924391281926822739e-01
9.183250129051989674e-02
1.215803981243297471e-01
-3.890974365013257774e-01
0.000000000000000000e+00
9.952170002119349324e-01
7.920636269148406683e-03
0.000000000000000000e+00
-1.602258846417321525e-01
1.002919495170051523e-01
-4.282136312264970268e-01
-6.620160180548793072e-01
6.658814984383010227e-01
3.633397987033804011e-01
-3.915248429093405313e-01
-1.876970475080359524e-01
1.197093053810140972e-01
-8.700620717378426683e-01
2.297449110183742427e-01
0.000000000000000000e+00
0.000000000000000000e+00
0.000000000000000000e+00
0.000000000000000000e+00
7.785321469959161078e-02
1.630988087646172424e-01
0.000000000000000000e+00
7.650571888204662496e-01
0.000000000000000000e+00
0.000000000000000000e+00
9.383698345082858161e-01
6.867398130251456401e-02
7.750135619486611116e-01
2.085915670433762248e-01
8.026496432828227334e-01
2.033819170334454363e-01
4.521067736482686783e-01
0.000000000000000000e+00
9.058700955715606185e-01
5.020523820327871256e-01
9.477114765030072441e-01
-1.677860971296987191e-01
-5.877083789985577678e-01
-5.975564425318455886e-01
-8.741940804654912966e-02
0.000000000000000000e+00
3.785887339259688122e-01
-6.989599272521429540e-02
9.295140262329539826e-01
-1.893686453616887366e-01
-9.829817628612216307e-01
5.505413748338416902e-02
3.151121657128010956e-01
-5.160635042121752836e-01
4.842892559570555200e-01
-6.068122140895559902e-01
8.079239958866222260e-01
-1.082040416514746806e-01
9.049351488071288863e-01
0.000000000000000000e+00
4.476779941250155215e-01
0.000000000000000000e+00
7.625009773920377043e-01
0.000000000000000000e+00
-7.003518730876572285e-01
1.584472563298915393e-01
-6.791628958021687090e-01
0.000000000000000000e+00
7.294670998117374072e-01
8.231106299708428331e-01
5.363292248881785795e-01
-2.246553984879120502e-01
2.634784326949277666e-01
-8.825629755665767018e-01
-7.878623270395423983e-01
1.104440067174090601e-01
4.818674216478955330e-01
-4.120042949790456710e-01
-9.732627908290281127e-01
-9.098510755415341045e-01
-3.400060232606447741e-01
-2.556955838614856091e-01
8.127262636233847370e-01
3.804531948436498112e-01
7.642497712797573506e-01
5.110075680768251249e-01
4.013555188571473753e-01
0.000000000000000000e+00
-5.566835679342823084e-01
5.164624302729612371e-01
0.000000000000000000e+00
2.884774882814018504e-01
0.000000000000000000e+00
-1.049123129688112055e-01
0.000000000000000000e+00
0.000000000000000000e+00
-6.142417276988092478e-01
7.190127144844329354e-01
7.960858274301663151e-02
-8.751042197647549425e-01
0.000000000000000000e+00
7.602676461833215438e-01
-1.319341614605125113e-01
0.000000000000000000e+00
-4.590474436774298894e-01
-6.119171436816872589e-01
6.929497026177733332e-02
-1.252951311329320028e-01
3.069199043997532517e-01
3.158567366650235630e-01
-6.123393473899370054e-01
5.400286867489014764e-01
-9.815803041045412236e-02
0.000000000000000000e+00
-6.308657874576046876e-01
2.211071787046117176e-01
3.594733636443021574e-01
0.000000000000000000e+00
0.000000000000000000e+00
-3.014466402567013148e-01
9.257245774505618030e-02
2.290215129060586552e-01
-2.220775443789904102e-01
-9.799688906765235963e-01
4.577191651155709806e-01
7.986909153216836810e-01
0.000000000000000000e+00
8.432442180940946663e-01
-8.964453915300740761e-01
1.680922436186842450e-01
-2.068793851976149512e-01
2.776618513843058800e-01
-2.793316815662576502e-01
4.377110581112726440e-01
-5.944281399298703139e-01
-4.264800490117619525e-01
-1.762127718191881520e-01
-1.644917008574435791e-01
0.000000000000000000e+00
8.854923158064866850e-01
2.766733407629939911e-02
1.222474400044319953e-01
-7.433441506829505663e-01
6.284419481561864806e-02
5.218175231188715291e-01
4.057325026950795444e-01
0.000000000000000000e+00
1.928737622815093200e-01
