0.000000000000000000e+00
1.807832620444254079e-01
1.185898254164099441e-01
9.403831540590943394e-01
1.047348880869787280e-01
-7.506285488094659453e-01
-6.540146636606036790e-01
-6.116764903578701951e-01
-6.137251681108812917e-02
9.887510975600910523e-01
5.010768769579430071e-01
5.963717850741219184e-01
0.000000000000000000e+00
2.733484078125503203e-01
0.000000000000000000e+00
0.000000000000000000e+00
0.000000000000000000e+00
7.914762900681353575e-01
6.982477660957731036e-01
-8.103194725951652355e-01
5.285767500775384597e-02
0.000000000000000000e+00
0.000000000000000000e+00
-8.453001088998548518e-01
1.016788086959357074e-01
3.758377409562425608e-01
0.000000000000000000e+00
-1.569656856674186418e-01
8.383782310155951656e-02
5.197865511480705969e-01
7.271912507707591899e-01
-7.187982512159361015e-01
7.074063184953787164e-01
3.696149886899624537e-01
0.000000000000000000e+00
0.000000000000000000e+00
-1.694771263946479589e-01
1.851980388861917959e-03
3.876021001660829857e-01
-7.752866615858264865e-01
9.424521651063242356e-01
0.000000000000000000e+00
3.565806969629803369e-02
-3.063478034083135793e-01
8.581673638633442458e-01
0.000000000000000000e+00
-3.349757559144395103e-01
-9.965721840246080099e-01
0.000000000000000000e+00
0.000000000000000000e+00
-2.943605430857454408e-01
-7.156847898050384682e-01
4.597446693398301587e-01
4.391258878954580336e-01
-2.751753684475473083e-01
3.775635601520785922e-01
-4.789089002514503868e-01
-4.470464321645468697e-01
8.988343225480477372e-01
0.000000000000000000e+00
-2.308250150167079351e-01
9.515091912139521657e-01
2.817315891573508591e-01
5.499645772516825737e-01
0.000000000000000000e+00
5.620378536543744197e-01
6.331666797666046786e-01
-5.991728128876028237e-01
-2.150838472934180068e-02
-9.821570855450802995e-01
0.000000000000000000e+00
-7.039994835628107239e-01
-7.207994939450070859e-01
-1.814571381047125342e-03
4.023089347314030562e-01
3.492825783872306467e-01
-7.745501255434239507e-01
-6.793553026202747702e-02
-4.187155055290976424e-01
0.000000000000000000e+00
4.683458873012480428e-01
2.121773374460667050e-01
0.000000000000000000e+00
7.644796713691601742e-01
4.395744397128011904e-01
-5.309888556303734575e-01
4.041738067613853680e-02
-7.813814137668351201e-02
-6.942125380537729207e-01
-1.565897347277305229e-01
2.961795349675937494e-01
-4.708414929513413671e-01
3.479211444569736411e-01
9.294093615192295932e-01
1.902989821809593085e-01
0.000000000000000000e+00
0.000000000000000000e+00
0.000000000000000000e+00
-4.533271098123421439e-01
4.657735493816790306e-01
0.000000000000000000e+00
6.769369826768472098e-01
-1.524053068948525436e-01
8.130437060648310066e-01
-1.221068724510310233e-01
1.657583987374635637e-01
0.000000000000000000e+00
-3.251997662309487058e-01
-5.651099660918805778e-01
-4.841551768563245872e-02
0.000000000000000000e+00
2.717045020047659243e-02
0.000000000000000000e+00
9.273069051504512217e-02
9.663132085891015244e-01
-2.837583984161258233e-01
4.062684224208834571e-01
-1.372040360948805215e-01
4.248998616888990387e-01
-2.076536250620049096e-01
0.000000000000000000e+00
9.815684826350019598e-01
4.196097515294165969e-01
4.906817154244862422e-01
-8.976472895917826378e-01
3.709032333616599786e-01
0.000000000000000000e+00
-6.837439701712744178e-01
5.407668758594228464e-01
0.000000000000000000e+00
0.000000000000000000e+00
-1.748102436046592434e-01
-6.374050290045887301e-01
-5.955054436551119323e-01
-9.743514783016657965e-01
5.514823148175862499e-03
0.000000000000000000e+00
-2.592649989908972774e-01
4.666078643249327307e-02
0.000000000000000000e+00
0.000000000000000000e+00
-2.897460784171626003e-01
0.000000000000000000e+00
0.000000000000000000e+00
0.000000000000000000e+00
1.492273641561010500e-01
4.299440100076858950e-01
0.000000000000000000e+00
4.186660981047263252e-01
1.462836155713733710e-01
2.454238205575338672e-01
-3.507804961112401809e-01
-9.843727860136208818e-02
-8.139861731308717374e-01
-8.471296193922150941e-02
-4.979385321537233011e-02
0.000000000000000000e+00
-1.558047116096483720e-02
2.233808850402552171e-01
9.712559991507485613e-02
9.925153729250124623e-01
-6.813548486628624445e-01
2.952003011143011779e-01
0.000000000000000000e+00
5.698209821489070848e-01
-6.544653827066770901e-01
0.000000000000000000e+00
4.099863036515833947e-01
0.000000000000000000e+00
-3.535575369695906911e-01
6.335277887060350999e-01
0.000000000000000000e+00
-4.794124772819343683e-01
-6.371538353129335697e-02
-5.725793731025359268e-01
4.912777005655410978e-01
9.334398250296331856e-01
4.454973196459248719e-01
1.528190696796760673e-01
-8.069716723475257592e-01
0.000000000000000000e+00
0.000000000000000000e+00
6.594709413029711254e-01
4.528896028918538708e-01
-8.433424771585431579e-01
-3.660409489091625002e-01
-2.788257459945486794e-02
2.031025127850603074e-01
-5.779486103682018872e-01
7.670306200140295516e-01
0.000000000000000000e+00
4.489857715545066963e-01
7.695863104709730340e-01
0.000000000000000000e+00
-6.117371674951985749e-01
1.610711489704468313e-01
-7.586220049318859182e-01
0.000000000000000000e+00
-9.296496557616640288e-01
5.636742483122203495e-01
0.000000000000000000e+00
-2.306595796260018094e-01
-6.341306951709735351e-02
1.425473106466559337e-01
-3.831799416725374385e-01
-3.248533152898391840e-01
-2.269239628599899472e-01
-4.783182822872849016e-01
3.969940988151248185e-01
0.000000000000000000e+00
-7.761017286601070708e-01
-8.034517161685772457e-01
4.915620331161985046e-01
-3.448425679729760773e-02
0.000000000000000000e+00
0.000000000000000000e+00
0.000000000000000000e+00
-4.897511243878944764e-01
2.212198281261910093e-01
0.000000000000000000e+00
4.965868634415881999e-01
-5.507222827681388377e-01
7.941626640912839985e-01
-7.433464168078938172e-01
-6.863914094952261458e-01
9.689513501294619857e-01
-1.870210658029720641e-01
-7.140042502496344312e-01
3.051830009836984381e-01
9.384763783671052906e-01
-7.204443916977503193e-01
8.748757955306658562e-01
5.263706684839473127e-01
4.531196402842743165e-01
-9.492727750803466868e-01
-1.711829677619889356e-01
5.109426982875309164e-01
6.791478092713782999e-01
-4.762987729899812450e-01
-8.285822185848930044e-01
6.266592606637675367e-01
-5.033008410717185743e-01
4.179665798528160447e-01
6.257282173173404072e-01
3.010631057410144695e-01
-9.124343197467386091e-01
-5.211638107842286871e-01
-6.154218752847975260e-01
-1.522520074752029551e-01
7.527126031180242371e-01
-3.992715513630336055e-01
-9.723395745426801628e-01
9.833234790720219998e-01
2.492456275178345226e-01
-4.552987666257939381e-01
4.696905351206115409e-01
-2.755915493682741246e-01
7.339720246469965126e-01
6.677175869679179421e-01
4.236789017593884932e-01
-5.036727950925639075e-01
6.674598567357461487e-01
4.298023107515804853e-01
2.662083929397374149e-03
-2.380132659240499216e-01
