-3.930586279398615712e-01
5.250678300716193903e-01
-7.089741735897816532e-01
-4.098226211052455881e-01
1.453358088617702215e-01
-7.834198437715704788e-01
5.518200251752620744e-01
-5.639752508022746191e-01
7.593805817780556744e-01
-8.860603954148131844e-01
-5.512918033877252100e-01
-6.509938506295731564e-02
2.020294203552113199e-01
-4.478452795594769498e-01
-9.490441307498813650e-01
-2.658525626389209862e-01
7.502658070516872169e-01
9.652788280718735958e-01
-1.478387816920982978e-01
-9.824745373034411422e-01
-3.250373978868195124e-01
-9.389003531576534112e-01
-9.950261590435307557e-01
6.078027188381107671e-02
3.412091303170110557e-01
9.565125461055770106e-01
9.657755658117388453e-01
-7.253830652660508971e-01
9.352232887281304308e-01
9.888242698431992661e-01
6.414178129708070220e-01
9.535970182387643046e-01
3.890244121308610303e-01
8.242745316393755850e-01
-3.019460316567166291e-01
3.297285687716984270e-01
-8.811615049907084440e-01
-9.918107101948203663e-01
5.273472671464540795e-01
-1.319634250940331377e-01
-7.412598865714248308e-01
2.426818137452328994e-01
-9.557477598280619269e-01
8.466308997562266292e-01
9.927202128193595154e-01
6.082584549856078215e-01
-2.482735782430038896e-01
-7.277084787804679600e-01
-7.187530908883068559e-01
2.416873605301381733e-01
6.081449088604231612e-01
-7.461105446498867977e-01
9.669307594285601049e-01
-4.083746439669690975e-01
4.405756750260854115e-01
-7.937139576354874659e-01
6.787002901056153892e-01
-5.485142412610644058e-01
8.525715720625193228e-01
9.480257519601331673e-01
-7.378485415994116003e-01
-5.751379651134980175e-01
-5.624775076722365874e-02
6.294159081499599573e-01
-1.556645189308489829e-01
-5.692220453443632699e-01
-9.500883903591148538e-01
7.691545388041511888e-01
7.989003122037856564e-01
5.884550644474144665e-01
-1.224151195470490894e-01
-1.253456102007737272e-01
-3.361567048105185140e-01
-5.492332902008592033e-01
6.733811759553187670e-02
1.966973715420181623e-01
-9.702979934091060521e-02
4.599729254151092572e-01
-1.900170300084704778e-01
-7.335170070939249776e-01
1.627455761243450372e-01
2.294438469981492368e-01
1.182876655614921724e-01
-1.113087085036168489e-01
6.140718490850938238e-02
2.619853530304803169e-01
1.996232169659171163e-01
-7.007335177862199505e-01
9.172720818449360269e-01
5.560240221869743316e-01
-8.052163343400140505e-01
-3.359467650816740925e-01
4.961121161997432694e-01
-7.365791707327116189e-01
8.373365589164025735e-01
2.687588189559426688e-01
6.295002906276812027e-01
-6.056203998919351683e-01
-8.032218319118586969e-01
1.978766493152976924e-01
5.438003819226493452e-01
-9.126958126831967721e-01
7.479134777107994125e-01
6.330451699213841543e-01
-5.503859751472628403e-01
-5.455648339318324158e-01
8.040288269912798658e-01
-4.491640356536610312e-01
-4.061625318782087213e-01
9.261510526370930751e-01
-9.881866760548514428e-01
5.928372260759329215e-01
-5.093972991650459470e-01
-5.916830525118939033e-01
-2.389968050771125174e-01
9.038741502128568861e-01
6.730191329891737073e-01
6.215723192429301047e-01
2.717967258787974405e-01
3.657192092504961689e-01
-9.270718306503049622e-01
-6.880671711600763185e-01
4.535020598277073045e-01
-3.247439582584228379e-01
4.461582676441868678e-01
-6.628785242535548683e-01
2.457186981066843412e-01
-7.498706822877696521e-01
-6.836705930894337868e-02
4.071917142122272182e-02
6.252945904165536639e-01
1.441629891912277195e-02
5.125778591295313547e-01
-2.961162656551126204e-01
6.074420687401276275e-01
-2.880254044413768089e-01
-2.692063811405724927e-01
-1.925038885513630227e-01
9.868893044910818091e-01
-9.763925083097733104e-01
2.188184441387985846e-01
9.735645212476011778e-01
6.748881717614374498e-01
-9.297820901446818276e-01
-1.994541210391380659e-01
-5.769367686978783549e-01
5.522059535732948277e-02
-4.473622387847371318e-01
5.831290854131079282e-01
-1.902932391599696516e-01
7.416177956377607572e-01
-6.229841354560838873e-01
-2.380322620714636628e-01
5.182542440011901341e-01
-2.878001556041585030e-01
1.931671444418416872e-01
5.632486624104848794e-02
-3.544235829606723343e-04
-6.075700209170722399e-01
-2.317336172134265571e-01
7.588275651864073712e-01
-5.190571305757771814e-01
7.738847804997837088e-01
4.267618368640861970e-01
-6.806825399168328072e-01
9.535616861811413436e-02
-7.716686084333446161e-02
1.763889470584418806e-01
8.386210971689156413e-01
-6.996075806428945221e-01
9.447921094717817159e-01
9.894281857539624081e-01
7.803831727785282002e-01
9.262506928667790795e-01
-3.787843364236591626e-01
-4.956789840295219296e-01
-2.134685653967127728e-02
-1.170179395988113491e-01
9.463333476399782285e-01
4.092990320155813766e-01
3.170583666291935110e-01
7.878874724809343810e-01
8.831846628575148461e-01
-1.513511359683565871e-01
-2.932140601218833353e-01
-1.387044417141527486e-01
-5.144640571950762631e-01
4.120112248767782148e-01
-9.407425191928859842e-01
-7.738818476730748852e-01
8.887701846007580730e-01
3.146732563439922359e-01
2.394216680130287767e-01
8.965876972435535830e-01
-5.295846919016420351e-01
-5.118644046262614822e-01
-2.066150384262224193e-01
-3.133254354258785401e-01
-2.358019377066848943e-01
2.473605084728043302e-01
-1.119768703665076082e-01
-9.537963778259503922e-01
3.768530378322152430e-01
2.266664763880457123e-01
-3.917192084662886042e-01
1.760075191798120553e-01
-1.109953742057545600e-01
-9.710251080306029348e-01
-5.344609123054342437e-01
9.392411335369772463e-01
-3.390599086716907795e-01
-8.042150491262496370e-01
9.225977787846832978e-01
6.274946978275957044e-01
-5.697673420298221547e-01
-9.423892157043494144e-01
-6.116959049235302093e-01
3.868977994040820878e-01
9.259537092640799383e-01
-3.407750727051892525e-01
-9.115012362974905802e-01
-5.507222827681388377e-01
7.941626640912839985e-01
-7.433464168078938172e-01
-6.863914094952261458e-01
9.689513501294619857e-01
-1.870210658029720641e-01
-7.140042502496344312e-01
3.051830009836984381e-01
9.384763783671052906e-01
-7.204443916977503193e-01
8.748757955306658562e-01
5.263706684839473127e-01
4.531196402842743165e-01
-9.492727750803466868e-01
-1.711829677619889356e-01
5.109426982875309164e-01
6.791478092713782999e-01
-4.762987729899812450e-01
-8.285822185848930044e-01
6.266592606637675367e-01
-5.033008410717185743e-01
4.179665798528160447e-01
6.257282173173404072e-01
3.010631057410144695e-01
-9.124343197467386091e-01
-5.211638107842286871e-01
-6.154218752847975260e-01
-1.522520074752029551e-01
7.527126031180242371e-01
-3.992715513630336055e-01
-9.723395745426801628e-01
9.833234790720219998e-01
2.492456275178345226e-01
-4.552987666257939381e-01
4.696905351206115409e-01
-2.755915493682741246e-01
7.339720246469965126e-01
6.677175869679179421e-01
4.236789017593884932e-01
-5.036727950925639075e-01
6.674598567357461487e-01
4.298023107515804853e-01
2.662083929397374149e-03
-2.380132659240499216e-01
