-2.584236020602836970e-01
-4.828099230861615521e-01
8.713539131851033570e-01
-7.974624392571814102e-01
-6.782894478094576574e-01
4.934755393518603928e-01
-3.621585537589486758e-01
0.000000000000000000e+00
6.927484405599060313e-01
8.042534394297140565e-03
2.684687918831463183e-01
-2.395115481175751349e-01
4.969459152813813230e-01
9.439434850603387606e-01
2.510371327124267804e-01
-2.619418807723898901e-01
0.000000000000000000e+00
-9.888921344798760060e-01
5.091213746157170483e-01
9.040951999997757227e-01
-5.443420110519228139e-01
2.742679147092421665e-01
-7.848052490482031462e-01
0.000000000000000000e+00
8.865585217968046106e-01
0.000000000000000000e+00
0.000000000000000000e+00
-6.886956394055312458e-01
-6.890196018806462597e-01
0.000000000000000000e+00
0.000000000000000000e+00
2.180940595795863857e-01
0.000000000000000000e+00
6.108142989058273908e-01
0.000000000000000000e+00
9.497346640651742611e-01
-3.206387037986719868e-01
6.259087477555547174e-02
0.000000000000000000e+00
-3.802013060269950895e-01
8.422770126642822319e-01
-2.416795579559900542e-01
-9.282124684540571380e-02
-2.022295625441685729e-01
-7.624273081686230302e-01
-2.963467177201741798e-01
4.129723320713438728e-01
6.982331496406513072e-01
1.247161178325804087e-01
-8.827901305992642556e-01
1.717844639373189430e-01
0.000000000000000000e+00
2.395720557079521473e-01
-4.824485546550243420e-01
-8.779737181956561720e-01
5.423921030542433463e-02
-4.928760818620558926e-01
6.503713230081873409e-01
7.149246754023075301e-01
0.000000000000000000e+00
5.256134867004469413e-01
0.000000000000000000e+00
-1.407700638316444763e-01
-8.364234474698228894e-02
7.272196644004385035e-01
0.000000000000000000e+00
8.838941623296041605e-01
8.373128300707846083e-01
-1.333405020220617132e-01
0.000000000000000000e+00
6.024651191026211272e-01
3.671485519576782597e-01
6.840004264995602767e-02
4.311233254614841304e-01
1.527244256563207170e-01
5.802121909940411992e-01
-5.269539444048660926e-01
-1.532041323746193839e-01
-4.663084253596967432e-01
-9.979758070789614965e-01
0.000000000000000000e+00
2.138452602916245393e-01
-5.207481958507913511e-01
6.258673688400857582e-01
4.550671549547469219e-01
0.000000000000000000e+00
1.713495250511118950e-01
-3.910612955422476666e-01
3.158420018594327860e-01
-4.869896970101410538e-01
6.749247508622135960e-02
6.269096040464947617e-01
1.893723520556411799e-02
7.260025706625006237e-01
6.485901485114484721e-01
-7.633234057993387722e-02
-2.166645737548964501e-01
-4.464466002849094561e-01
-6.789797438901423732e-02
-8.287727443217023371e-01
6.612847321146908541e-01
-5.105889189874899259e-01
0.000000000000000000e+00
-7.247854444825534426e-01
0.000000000000000000e+00
-3.367476207153061729e-01
2.369184352360869106e-01
-3.251997662309487058e-01
0.000000000000000000e+00
0.000000000000000000e+00
1.561363640484869642e-02
2.717045020047659243e-02
-2.368757655902999915e-01
9.273069051504512217e-02
9.663132085891015244e-01
-2.837583984161258233e-01
4.062684224208834571e-01
-1.372040360948805215e-01
4.248998616888990387e-01
-2.076536250620049096e-01
6.026430089294081416e-01
9.815684826350019598e-01
4.196097515294165969e-01
4.906817154244862422e-01
0.000000000000000000e+00
3.709032333616599786e-01
3.856401596381973107e-01
-6.837439701712744178e-01
5.407668758594228464e-01
6.429403965567872525e-01
8.358265362722869796e-01
-1.748102436046592434e-01
-6.374050290045887301e-01
0.000000000000000000e+00
-9.743514783016657965e-01
5.514823148175862499e-03
9.590918542878439368e-01
0.000000000000000000e+00
4.666078643249327307e-02
-7.377942572324578396e-01
5.372548479333361104e-01
-2.897460784171626003e-01
-4.287591258533376415e-01
6.284519338982414993e-01
3.912225964583884164e-01
0.000000000000000000e+00
4.299440100076858950e-01
-7.294657517818821102e-01
4.186660981047263252e-01
0.000000000000000000e+00
2.454238205575338672e-01
-3.507804961112401809e-01
-9.843727860136208818e-02
0.000000000000000000e+00
-8.471296193922150941e-02
-4.979385321537233011e-02
1.287776600984689157e-01
-1.558047116096483720e-02
2.233808850402552171e-01
9.712559991507485613e-02
9.925153729250124623e-01
-6.813548486628624445e-01
2.952003011143011779e-01
4.885421043557056642e-01
5.698209821489070848e-01
0.000000000000000000e+00
-4.846632062542024499e-01
4.099863036515833947e-01
2.524728964186924163e-01
-3.535575369695906911e-01
0.000000000000000000e+00
-1.137923606354507289e-01
0.000000000000000000e+00
6.486856559226858998e-01
2.139166847772391300e-01
7.929583914064295413e-01
1.655258793450102850e-01
2.197255200203338532e-01
5.119368002456174960e-01
5.034261611430843608e-01
-5.491084024154202492e-01
7.186912454344636103e-01
5.544425272848441111e-01
1.798193357681092674e-01
3.787522211987635057e-01
2.337581829934403110e-01
-5.056197430227016287e-01
3.239872845244273769e-01
-6.779095730560047439e-01
7.151862751577562349e-01
7.321165897530308442e-01
-8.859717972431446764e-01
-2.457651639615643369e-01
7.542322364002738144e-01
2.525081349655611263e-01
4.882043897545931266e-01
9.602756361989057687e-01
-2.974450995221666894e-01
2.923689388221639707e-01
5.542842712898670143e-01
-1.597525476519123799e-02
3.740142644947672679e-01
8.649463633042007160e-01
-3.632978530152208840e-01
-5.047990269425151055e-03
3.929843574542266627e-01
4.725196592361082804e-01
3.738997867159896682e-01
-1.936135277021899803e-02
6.530337274617257215e-01
-5.694299415126873321e-01
3.398763990866646711e-01
7.862352316427683174e-01
-9.190124569765423246e-03
3.927936417502206901e-01
5.216613246329477871e-01
6.917625711958070855e-01
9.985752403508598718e-01
9.933040826803221091e-01
-1.488825248552603231e-01
2.895870031834779645e-01
-8.015950180325361885e-01
7.161274830335617736e-02
2.928596080037149108e-01
-5.341874968535529344e-01
2.484992092068296632e-01
-7.354836454316602268e-01
-7.704256354062954948e-02
2.141434422605912324e-01
-4.038113311573199304e-02
-6.971965227178038571e-01
-6.196191686469740834e-01
-2.500647228544394807e-01
3.040882965206479494e-01
-1.340311476377611388e-01
-5.983636959741229777e-01
-3.241369971476422140e-01
-3.829270387126719744e-01
-7.247431986438714890e-01
1.780655422633972140e-01
-5.799930088232674308e-02
-3.489427428798799191e-01
-9.968120197931948923e-01
8.278213117784980479e-01
-9.093011020490926466e-01
-7.697523205424583459e-01
-4.124879083551791226e-01
5.786285168268374690e-01
8.730472103107227433e-01
5.182681563894004917e-01
-5.873676353338479483e-01
6.785451483271198736e-01
-9.350699778355822112e-01
-7.755137028284060374e-01
-7.764168915782108105e-01
1.266123494081361489e-01
1.872020576007973336e-01
2.534613685960951379e-01
8.961154971176605866e-01
5.045282077635979689e-01
4.875238988797712114e-01
-6.541440617427669579e-01
8.209248017475347936e-01
8.378819107996142712e-01
6.565789465088798238e-01
