8.092140722857568136e-01
-8.277859760159571589e-01
6.680861945513221212e-01
4.410306754558370734e-01
-6.453967064805443687e-01
3.234747645321507381e-01
2.422646533650123502e-01
4.193678509043980984e-01
7.424390236343159089e-02
-3.726381491226762321e-01
5.185562927523257315e-03
-5.244810331190532526e-01
-8.935317884060256510e-02
-1.878263286360410955e-01
-7.866351855749689204e-01
-5.358620874919635124e-01
-3.112454547439977848e-01
-2.126627561711829095e-01
1.265467869798471146e-01
4.935173662181504550e-01
-4.818541652977403889e-01
1.093748396722524774e-01
-3.243916120665770730e-01
-5.466761284550285538e-01
-7.203543757296817507e-01
9.196288307125670691e-01
8.646274019519137877e-01
6.616950622227082413e-01
-6.569068373462383370e-01
-6.979847700434420599e-01
-7.913324140771769155e-01
-3.990748857873336330e-01
-1.475114753316868477e-01
-9.852049930322477334e-01
-1.557515561361655365e-01
3.784711524245805148e-01
6.679376368648288764e-01
-6.202612603621742160e-01
-9.963831574813737380e-01
5.899003722822340201e-01
-2.396443364235307794e-01
-3.725954763963692518e-01
-6.907255921604411597e-01
-4.632520101490493758e-01
-4.674792169060248970e-01
-4.861727421048962494e-01
-5.343677853788142418e-01
3.492779950239555120e-02
6.264768884988980435e-01
-3.820448880942248771e-01
-1.673370376460781017e-01
-3.286820852635363721e-02
6.845720765936913477e-01
5.329720868849983084e-01
9.707957713832433555e-01
-6.536063007594898888e-01
6.109167251059146597e-01
-4.108083726397990798e-01
1.530986198904111806e-01
5.423591173838526736e-02
1.494657052876446901e-01
-3.562831351275907998e-01
-8.559698378548896702e-01
-9.842473677478924543e-01
8.549484970049900934e-01
7.729045090387289818e-01
-7.994161957286816111e-02
-4.314858799899934372e-01
-6.456675042597592729e-02
-4.960047016537183495e-03
1.333893418168230482e-01
-2.296115307815349560e-01
-6.344057999500711809e-01
2.040349726454659951e-01
-9.352620416690093919e-01
-7.738098586666921630e-01
-3.263067881158618899e-01
5.231761705399362583e-02
-8.408878599405786858e-01
8.996793262685991444e-01
4.315214662695485703e-01
-3.684049235797659527e-02
1.373899940868197334e-01
-3.269594379563920405e-01
-9.530846029396180530e-01
8.016991857781317066e-01
1.540024550720953123e-02
8.020988055110109816e-01
-2.366542107718536680e-01
-5.883149508898988245e-01
3.245258241554818124e-01
9.641037254090993880e-01
-6.765614564622046689e-01
1.235359826622079993e-01
-7.728038437560544871e-01
-4.005832343684496699e-01
6.798226294650431267e-01
-9.006524424297230880e-01
5.894699911782130819e-02
3.049380822850320527e-01
-1.856074495265096491e-01
2.661216432421591449e-01
-5.274207692773931200e-01
7.822458078934562131e-01
7.038652846012427577e-01
3.113876686044516617e-01
-1.645979403725730261e-01
5.367933552059422908e-01
-5.261563172251519926e-01
-8.727440952183018741e-01
-4.784605689837124753e-01
7.280238754944488022e-01
-3.389439939698366544e-01
-8.789700393803459022e-01
6.799556112221056825e-01
-7.666563807278992115e-02
-6.603841782412089856e-02
1.024385218615613269e-01
4.614221181266802141e-01
-1.661059420436883372e-01
4.902944534704201107e-01
-9.685829368344014423e-01
-8.302609528079021306e-01
2.750915746827558017e-01
-4.199125235065614969e-01
7.830147097894919472e-01
-1.312008378560405308e-01
4.454018199302554049e-01
-4.755350519245564733e-01
3.813903295322802478e-01
3.159820594740934130e-01
2.956201367953603665e-03
5.904780709278849571e-01
-5.970279639442586106e-01
-2.533349683742969205e-02
-4.756523774463718990e-01
3.893693486631744083e-01
9.602264606671342406e-01
5.984884513170150022e-01
1.893141636091444369e-02
-9.762675288129247786e-01
-5.618686432925321661e-01
-7.255010033143047821e-01
-5.391160420601912584e-01
9.119679071968520567e-01
5.916899739939887048e-01
7.453396847484006216e-02
-8.080166671677699863e-01
-5.454131347650932327e-01
2.339874924438154480e-01
5.546959086140332840e-01
4.622009071990937912e-01
1.932866873128142871e-01
8.333083583659655069e-01
-2.377133827536059840e-02
-8.449767002776811253e-01
-3.889328874388966462e-01
-5.198833870437724602e-01
7.684314655433270858e-01
6.638916744014915494e-01
3.219766884946984042e-01
-4.319328747749284769e-01
6.554152370572781106e-01
-6.343535966461986142e-01
7.588557900228725117e-01
-2.568906746186101486e-01
-4.472416799828176082e-01
-1.662946136261493901e-01
6.452038780244273575e-01
4.354212679752427206e-01
7.503316825917212274e-01
-9.538306957127176133e-01
9.615733711845337872e-01
-2.095279207689613177e-01
9.203377444094793525e-01
4.882162191606194135e-01
4.959131431560903636e-03
-6.428228370909194744e-02
7.575688770618278500e-01
7.600629023346781032e-01
-2.226319600501813767e-01
8.950510647961213984e-01
9.872782273038553935e-01
3.191593442190836516e-01
-6.828350647701115772e-01
-2.676256534913892260e-01
-4.512681709916099848e-02
-9.882851532070822120e-01
1.742706729774157193e-01
-3.901435754176463266e-01
8.207424674318870572e-01
-3.959902868813554022e-01
-9.054690757813677049e-01
9.867515094171925849e-01
6.566866211275739218e-01
2.791748422882611713e-01
-7.043337963813955938e-02
-7.736794860137119478e-02
5.041511512054408506e-02
-4.193949836493227057e-01
8.111969733104469338e-01
-7.014047716849898251e-01
1.770055830637835559e-01
-9.271653569632236636e-01
8.351741882812948603e-01
-4.682525015136216329e-01
-5.986524596896254380e-01
5.626963338280788207e-01
-7.950090312255821967e-01
-2.904125492080278370e-01
-8.969271509648348850e-01
-3.732818684487753114e-01
-7.942621909754332687e-01
6.724300216013554543e-01
-5.763717344256600317e-01
-2.526516570075720836e-01
7.017143090201913846e-01
-8.576467492032373574e-01
3.813072689547520877e-01
-9.469162271466153857e-01
7.569015984373672623e-01
-6.717358229793306545e-01
6.805234607174384109e-01
-3.325648045494429272e-01
4.129427945080057505e-01
4.450569455665964735e-01
-2.009597540409926442e-01
-5.992208877198952344e-01
-1.277134124455381325e-02
1.793845498943651418e-01
-8.803408898152047524e-01
-8.667095828598847529e-01
5.744291640170449131e-01
-8.978851517358856782e-01
-6.103606660277758333e-01
-6.061038356409464978e-01
5.194575137426733491e-01
-9.747481386011755955e-01
3.538850235136665745e-01
-8.207581147050146964e-01
-6.476084480245152264e-01
-1.306544182577957791e-01
2.307355802446697801e-01
1.431727755541878366e-02
-5.153313304169215847e-01
4.018937490296194959e-01
-2.041530120786672065e-02
9.875670474648197139e-01
-5.830096210176107796e-01
-5.980858064393124174e-02
4.965366829836157514e-01
7.569501055338094808e-01
-3.776396466736731128e-01
6.127169841239574755e-01
-4.882699376640011746e-01
-5.932752983134899072e-01
3.481455786919052109e-01
9.755975334959039458e-01
6.703422040966098283e-01
-9.111665580970111922e-01
-1.480025611024822219e-01
5.307184710930701321e-01
5.470339292232604400e-01
6.289193956904017835e-01
-9.870812920624931763e-01
