9.120685437784987748e-01
8.956549741186987657e-01
-8.868972645463826243e-01
-8.302560096821567370e-01
6.709977562588991251e-01
4.719399781370465785e-01
3.394608028804417810e-01
-3.837270848217115837e-01
2.118883313569248639e-01
2.136034672816757851e-01
1.624080342240061814e-01
-6.832342594903888511e-01
-1.386607194174627189e-01
-2.129363595892572736e-01
4.460241624749317069e-01
9.896391258994854390e-01
8.987909461864871385e-01
8.835409485864165191e-02
-1.102916225482928336e-01
-4.635185167013438079e-01
-9.281513412142847752e-01
-9.451102858183619837e-01
-7.021227580537581225e-02
-3.630697442926451579e-01
-2.399701561985767562e-01
7.835789156565748925e-01
5.150553829205661849e-02
1.210207220529977423e-01
-5.277531857698758433e-01
-9.522838417184356086e-01
-3.497141424776799568e-01
-7.266052140270666815e-01
2.044769167440230184e-02
9.973671363851039917e-01
3.489593946917401990e-01
-6.363130063537112413e-01
7.871430731659769808e-01
5.935198428432790774e-01
4.688033837879554966e-01
8.131872997951219428e-01
5.257709676661419529e-01
5.794952749235264822e-01
-2.924260443167929768e-01
9.619531461442532017e-01
9.238018757964514549e-01
-6.776306933919622466e-01
5.080081433037442196e-01
4.303017964749069613e-01
-7.718660451604475448e-02
6.071143224689001805e-02
-1.997215629961734962e-02
8.496641441891406021e-01
1.682125261309730391e-03
6.630489795836245204e-01
-2.921515902625682060e-01
7.657018371625061715e-01
7.994011775132514597e-01
-7.797567023672469233e-02
1.354101408404886353e-01
8.406608783838576127e-01
4.475459077440366862e-01
-2.678289027682989598e-02
-5.563779780179782808e-01
-3.506655124622040098e-01
3.991432761404871687e-01
-6.678606290117476973e-01
8.158809932521891017e-01
-4.637249742003672903e-01
8.227556717360935412e-01
-3.808737501010786008e-01
9.147234231123160253e-01
-7.242537437605218731e-01
2.246474128767237399e-01
-1.312040316752163260e-01
-4.926177782797633853e-01
1.321892466182532644e-01
-6.582624148258942043e-02
-5.900050107779228892e-01
9.335615748190795316e-01
-8.543492652440427548e-01
-9.939254238355561544e-01
-2.915374140193760510e-02
6.743829946084027860e-01
3.168041268802386234e-01
5.093391774827467078e-01
-2.999909333981976012e-02
3.496047097779746426e-01
-3.302187255128372634e-01
-4.661094713580327120e-01
5.801416342268606030e-03
-9.449443670051262956e-01
-8.403828201668890330e-01
5.079194806163942477e-01
-6.526007241066669184e-01
5.005114516394995050e-01
5.687519609589766212e-01
-1.910181007490623362e-01
3.499863687922364353e-01
5.748445813869993426e-01
7.280482011968429923e-01
-7.302594921875082967e-01
-6.748597100454183373e-01
-2.366731615022461543e-01
-7.068661338571446962e-02
-4.103622562311872723e-01
-9.791995244822677691e-01
1.148433456926343244e-01
9.338275194439278337e-01
-2.670806343254858994e-01
7.599884048154770255e-02
-2.353416895224711425e-01
-1.143990426597725207e-01
7.409874152603386221e-01
-3.831391111272883787e-01
2.981304844228074291e-01
-3.242692813832048770e-02
7.713834510903683217e-02
8.294062510536344135e-01
-8.465719780626488333e-01
6.487408625048216582e-01
-3.916613856895707624e-01
2.926165453851481413e-01
5.916819618966100425e-01
3.068188822682258454e-01
-2.140668702410950530e-01
6.814095366075116900e-01
-8.141024036935053942e-01
2.666288049610328059e-01
-2.177483797640757945e-01
6.093197834721131301e-02
7.018821708789215741e-01
5.957297608952274448e-01
2.576803429296197212e-01
-3.838414394710794042e-01
-5.341723568799880972e-01
-8.492357192482180572e-02
-5.357808541859334639e-01
-4.450269332338900874e-01
9.155092852102648671e-01
-7.760678727123506704e-01
6.372327474860628449e-01
-2.415718010575005348e-01
-2.707932410580424776e-01
-3.632169759857299951e-01
-8.452288756562247318e-01
-8.523959871083053308e-02
-6.670056358339837566e-01
-1.159820576100700773e-01
-4.160256764134531160e-01
7.891464104333418828e-01
8.434849041474716813e-01
-1.160070301484059652e-01
2.792404475197804992e-01
8.592844199096296709e-01
-3.475467091950055210e-01
-8.008912222427531091e-01
-5.243162442909155008e-01
-6.209075934838159672e-01
3.569413102599623411e-01
-2.524233432809350752e-01
-2.878041693531792067e-01
5.901952704098971658e-01
-5.336558331752478956e-01
6.170727394610611150e-01
2.658133265079014595e-01
-1.994797615931453993e-01
6.470382325264365520e-01
-3.154935049899763033e-01
7.571626263867194950e-01
8.518518447145451145e-01
5.212643457316312734e-03
3.799666126387633014e-01
8.975642222238593426e-01
4.851198106918441777e-01
5.020140962872021717e-01
7.386203066186314281e-01
8.711417858622105825e-01
5.070686335790830501e-01
9.581383722478857834e-01
-4.167880634674516749e-01
2.449724024086197272e-01
3.413158665995161822e-01
-2.651314540418145960e-01
-2.096444296240826954e-01
-6.504515520047848831e-01
9.154245987733324874e-01
-2.919929557929228370e-01
-4.673197734806722181e-02
7.871301311778318155e-01
-6.270998222398871391e-01
9.213389959784459293e-01
-7.458885316850254465e-01
-9.439409508665002058e-01
-2.984399919646143484e-01
-2.816504079544992489e-01
8.352886420250482669e-01
7.663885017086728979e-01
5.231218733155122980e-01
-1.271442024650280000e-01
8.537281036961719138e-02
-5.264605011780436605e-01
6.670593856967244051e-01
-2.201777764983814389e-01
-4.306933511957899974e-01
2.756120249733344796e-01
-6.988428181436432407e-01
-3.672989576737684114e-01
8.523550703890827585e-01
-8.099091802430737896e-01
-7.156000914591604811e-01
-5.913087676267099191e-01
-4.980399438535056955e-01
-1.592048948941826580e-01
-4.996475415059704606e-01
-3.146201940251081020e-01
-5.070372118452604049e-01
-5.198231379980362554e-01
2.212095118590049481e-01
-3.270838269577009960e-01
-2.544219397310267805e-01
5.356331260718589782e-01
-8.766233196512325243e-01
-7.119152221460165464e-01
7.016472080806119838e-01
-1.404452406823353261e-01
5.576069991575480778e-01
-7.344131123873873790e-01
4.598017896400752313e-02
6.907479780378167344e-01
-3.239165298909210122e-01
5.363572345762139815e-01
2.207521342841629597e-01
-2.108527984059553884e-01
9.947024591884137124e-01
-2.153944258902216191e-01
-5.241324767707156163e-02
2.389714102651330219e-01
-3.663224049712539010e-01
6.752779576410439244e-01
1.950721158168835512e-01
1.760011838440234122e-01
7.717279590185843752e-02
9.698672070460032657e-01
9.778602034046517399e-01
6.815827144913217950e-01
-9.084759400184538869e-02
-1.764204444587822440e-01
4.953358251819151015e-02
-9.076852816514471289e-01
-7.834913365344509106e-01
9.905153005024689428e-01
-7.435789686672003018e-01
8.747688520149505820e-01
3.594582900405611792e-01
8.301805581911532173e-01
-8.453269989398444206e-01
-3.883793136821254155e-01
5.958554850120874047e-01
-9.823090992428886725e-01
-7.880800415770028433e-01
-2.987175848992238425e-01
-6.537235375502687962e-01
-7.062795694573986705e-01
3.395287243030102875e-01
-8.161541471479651921e-01
