-1.574060255173057588e-01
-9.009162275000142106e-01
6.586799210633604851e-01
1.311916481917319022e-01
2.694232012257256059e-01
-3.414233386606020382e-01
-8.770959095032930808e-01
6.884851558301852137e-02
2.283757780685502503e-02
-6.144676669886233178e-01
6.324450838394737318e-01
-9.341052316183113824e-01
7.119202089094085473e-01
8.263126493023862373e-01
-7.966096205264776575e-01
9.002471808760064143e-01
8.780440801421003361e-01
-2.934499358740056962e-01
-1.317170515360279737e-01
6.310490403908235457e-01
-8.787828058463982295e-01
6.316084483705184383e-01
-9.759259433826219521e-01
2.533179441720381231e-01
-9.076091945694886309e-01
-9.429623629438443899e-02
4.169089593594481613e-01
7.460596283039788723e-02
-2.759985260617598968e-01
-4.716495917622460787e-01
-8.130390411054029265e-01
-4.294135262845450995e-01
-5.735085256053209513e-01
-5.291992079413603278e-01
-7.696342316230051495e-01
-6.119729797465192078e-01
-1.861983951190013808e-01
-7.980705100512517358e-01
4.481053872726228349e-01
-4.130712745079736514e-01
5.534709651420086640e-01
1.241356730458489377e-01
4.371171115551681918e-01
4.704742218388813235e-01
-2.849027167402655714e-01
3.613376793535314491e-01
-9.235133505117656405e-01
6.997974895928171790e-01
4.401484259581454062e-01
8.479511086279358789e-01
-3.043227499632670252e-01
-6.758245216500957664e-01
4.642527553039352828e-01
-6.395394838800383397e-01
7.537819515145356419e-01
-3.385721998428932178e-01
7.225390925915966545e-01
-8.513426801457684157e-01
-4.218753112236552916e-01
6.130204096361333566e-01
-8.482387658282979359e-01
4.554816149027469674e-01
-2.135906932991105123e-01
1.274814078136896622e-01
-6.454619148057871847e-01
-5.149972021345994300e-01
7.545381999411109319e-01
4.460395503029794817e-01
-7.720690463131281156e-01
-8.352588755505165885e-01
-7.847245208507280800e-01
-6.064568076349967640e-01
-4.345400413744955337e-01
5.163335741760533004e-02
-3.776168250578417762e-01
8.838328231741052754e-01
-8.418922768829775194e-01
-2.439236664914856689e-03
2.545781211236444186e-01
5.810417479491361004e-01
-4.640968513729948342e-02
2.592768434979066949e-01
-6.952327079484561523e-01
-4.301133893341437808e-01
7.142797993346108321e-01
-9.528788750173606825e-01
8.383154628903755068e-02
8.352449328084323721e-01
8.442955468713624345e-01
-6.178983390994843283e-01
9.928988784151309144e-01
-6.593818431514342215e-02
-7.406872961569819225e-01
6.251490917591049357e-01
6.499624671600390258e-02
9.690055065992753125e-01
-7.507801665838980121e-01
6.852706244662645219e-01
-3.734507659910757393e-01
-9.226868890949011526e-01
-6.817421719270555514e-01
5.496824728269265048e-01
8.265656208120917281e-01
4.575277305977905051e-01
3.167434067683900789e-01
-1.475380501222376406e-01
-3.894143587825589226e-01
-2.443963182243682475e-01
-8.548536919603708650e-01
-7.197942895383695472e-01
-5.106333959175319848e-01
8.264847587798107575e-01
8.214309470174063765e-01
-4.405199077173205247e-01
9.016157791302426006e-01
-7.105426486967889588e-01
3.199083859535511998e-01
-7.758822736748596238e-01
1.500309594510067512e-01
9.687531322662410460e-01
4.721642941707342445e-01
3.663980201104779511e-01
3.205278755400702284e-01
6.639586786924571715e-01
-1.060646463451431210e-02
7.826100384854435266e-01
4.471595924628921637e-01
4.275201672174158141e-01
-5.266768424839189944e-01
5.787469566793606024e-01
9.047237085948034441e-01
-8.772127094919663914e-01
-1.098792480052592779e-01
3.838974661213265804e-01
6.160933455476549359e-01
6.184245562246633021e-01
-3.657282938093544544e-01
-5.923958557807695868e-02
4.909820169755196861e-01
9.436968162008727568e-01
-7.626482191101320307e-01
-9.685611296380414181e-01
7.134467674311881780e-01
-9.283747369167341112e-01
-8.312156096251890336e-01
-2.702333276512620674e-01
-9.803806906152243705e-01
8.394566248580099810e-01
-9.461226637779747151e-01
-8.516054704614590687e-01
-1.532791542302902599e-03
-2.131260223287096967e-01
5.000922007172956540e-01
7.284367374837661391e-01
-9.589608505739870559e-01
8.828626728491635323e-01
-8.642561592790536373e-01
-2.599533046692954485e-01
-5.133194676241834564e-01
-6.581904834370881918e-01
-8.419766550030174379e-01
6.042338478032869276e-01
-3.521988755226890255e-01
-3.133984942960010844e-01
7.827636141575313733e-01
-2.190062602351947607e-01
-7.008715672840972744e-01
-7.243071662728481908e-01
-2.804144665872965181e-01
-8.779890155926972639e-01
3.253176920015155016e-01
-2.643998475256850167e-01
3.590893080500145995e-01
-1.203220960765194469e-01
-8.814037927661253491e-01
9.841517514548718815e-01
4.977886400612909767e-01
1.696501422429528283e-01
-7.225710502010622704e-01
2.942127011409843007e-01
6.444790619539109144e-02
4.204270812151893466e-01
-8.806850562328407683e-01
3.331125456699961518e-01
8.996385148968286671e-01
6.103285462771697034e-01
3.207668403533399104e-01
-6.097939769835871715e-01
2.583790497455655810e-01
3.653401505685640593e-01
-5.086846672833136296e-01
8.085209111101765433e-01
-4.294965600364355485e-01
-8.715168286624286331e-01
-5.504416753189289579e-02
8.143070179275007092e-01
4.038993247755970906e-01
-4.799669138108684230e-01
-2.019632885135198563e-01
7.827897645127752657e-01
8.748277657379655015e-01
-1.013728502168700363e-01
-2.595052282212595429e-02
-4.489986544308641747e-01
5.121648757049368506e-02
-8.132814877466894021e-01
-3.864953353939799552e-01
-6.261342395188995713e-01
-5.442994882527840694e-02
-7.639226302411896707e-01
-1.909316560425899922e-01
-7.984531163776824592e-01
-1.426629722288210722e-01
-2.945876677388008513e-01
2.211564690786611553e-01
4.148453489507741843e-02
-8.301464811732921500e-01
-2.442079792492988233e-01
9.039198918440096708e-01
2.784968849550581993e-01
-7.991976155303357476e-01
5.088954704214829761e-01
-8.222125534659332491e-01
6.061731939957537563e-01
-3.491097409824761577e-02
-4.927869411475409578e-01
-1.040495011888362686e-01
-3.769065871575527638e-01
3.228840719926739933e-01
-9.914527013790825904e-01
3.722748867855105726e-01
2.526970512379840272e-01
-2.060451686325364129e-01
-2.191741618512244028e-01
-4.180104690604105055e-01
-4.715258774670716413e-02
-2.911769186293027278e-01
8.182053496116512559e-01
5.103867086223916605e-01
6.298746955936020964e-01
-6.938216322559176419e-01
3.714421432757919472e-01
5.825358048577689019e-02
-6.065255695746480935e-01
5.202010320492886919e-01
-7.399846290023937012e-01
3.251370042247774261e-01
4.807158704372649360e-01
-6.032102753073780299e-01
-5.646645786258996935e-01
-9.144893406668843649e-01
-1.392679840285522275e-01
6.759071426455640630e-01
4.638655798292170562e-01
-2.570164005646762284e-01
7.284648176452130919e-01
7.506632090651790268e-01
5.742028454172323215e-01
-6.357711190761412556e-01
4.894276139118480806e-01
3.162621634825313333e-01
-6.014244172084957096e-01
4.057325026950795444e-01
9.139278798881946830e-01
1.928737622815093200e-01
