-8.578085593307569479e-01
7.646858857293967748e-01
-1.005857539666554779e-02
-1.685607096121501947e-01
8.275808104026696199e-01
-9.095474491205199907e-01
-8.862770382928863988e-01
-4.149635351339755474e-01
-7.246562450958971002e-01
-1.613497435024602300e-01
8.703240101434019937e-01
-7.911681056052703997e-01
-7.014250055293094199e-01
-5.575131294603479226e-01
-9.754897444074011048e-01
2.800845850412636562e-01
1.222010857107767023e-01
8.766277617310322956e-01
-8.187915123863269695e-01
-6.406583245732020426e-01
-9.007952870833557668e-03
9.156482639046827909e-01
-9.738301410261456237e-01
-7.712695996669476362e-01
3.595640128026023064e-02
6.855310825931626439e-01
-7.292459680559879587e-01
9.794239249577745277e-01
2.427526948564984188e-01
-6.949100930207261495e-01
-3.723378534778456483e-01
8.928486860781819079e-01
-3.006360557068941119e-01
-7.475931515213336542e-01
2.976568810702884260e-01
-7.469195788009201920e-01
2.176110956635322058e-01
7.711698149791057499e-01
-4.229539171931675501e-01
1.475151007869079933e-02
2.992201392206350619e-02
8.503903568141943925e-01
8.503092498655211440e-01
-6.654618198339092849e-01
-4.589618884498709583e-01
-4.710382933204182443e-02
7.376806400569422273e-01
-3.941103154566980571e-01
-2.686647730395133049e-01
4.202696369802951804e-01
-4.429189797329415867e-01
7.470109715775790082e-01
5.252291766487411362e-01
1.685564543980018204e-01
9.380064680089919005e-01
5.347506546672264882e-01
2.052614804126113857e-01
-4.771640957029479324e-01
1.216815384058640426e-01
4.332297510525551232e-01
7.764345771891638659e-01
2.838003014775447586e-01
4.665230461870182310e-01
1.962772162767392192e-01
-9.334014589714625387e-01
-9.235910615816282920e-01
-4.273093386592707876e-01
-5.890261069843556463e-01
-1.144442317302742929e-01
-8.325104009089883128e-01
-5.195942249845351135e-01
-7.567787036691231428e-01
8.499642700763705427e-01
2.760263004793643837e-01
-4.130420793985056793e-01
-7.077427554638642260e-01
9.512930659329468241e-01
-1.272165685003294744e-01
6.281620507310603507e-01
-4.538603880552893877e-01
9.301465904341881252e-01
9.474668692999423936e-01
4.497944225722985134e-01
-3.964380093304435970e-01
9.402676522285879912e-03
6.189231003820976351e-01
7.701757938309277129e-01
-6.061405348713073682e-01
-2.793976053070057475e-02
7.388727491685496140e-01
4.757881672660484451e-01
2.380164823241539551e-01
-4.819498087715097245e-01
3.490613820467602935e-02
5.427679309876212166e-01
2.768408611943806719e-01
-7.822276772796890043e-01
7.993483567529762190e-01
8.570439827888900464e-01
4.334881623597468536e-01
-3.437490009256236601e-01
3.634585528821312472e-01
1.240247185323557488e-01
-9.675127101794427364e-01
-1.651216344940038550e-01
6.480166811456775644e-01
-2.290388649060051129e-01
9.824517095537887990e-01
5.776909052364467279e-01
-6.052292489283459531e-01
-5.409752124016573571e-01
-2.901151501973757707e-01
-5.736806174862096874e-01
-4.448906357823985136e-01
3.472599737214976390e-01
-7.466816859346849800e-01
6.854760730005737823e-01
9.651389307664981487e-01
4.926379731091756753e-02
8.069281020514929015e-01
1.160320046602330013e-01
2.768428726186242805e-01
-7.794101038152989602e-02
-2.073369952221959522e-02
1.661701603580958420e-01
9.182756438231247653e-01
2.179717369129177129e-01
7.647311309398732160e-01
1.696273054684205306e-01
-3.824436214279576252e-01
9.252470539373622849e-01
-7.065304674783001726e-01
3.818132468361756793e-02
-4.160377516473499071e-01
-4.470635444039046114e-01
-6.812243417848338201e-01
-9.826509127471338978e-01
-8.354626038228307738e-01
-8.568966460284133113e-02
-7.432583906102048221e-01
1.456963814878540209e-01
9.259197539788235343e-01
-3.889559775180493340e-01
-8.297399414330977052e-01
-2.836507747125649459e-01
8.360859935817381849e-01
1.092691057571322233e-01
-1.072938973490744630e-01
6.130008240672160102e-01
-1.017049492434989322e-01
-9.153702391810554229e-01
8.799009320442789939e-01
9.179261869185273426e-01
5.592735169145637286e-01
5.946954705359464022e-01
-7.719196400614871667e-01
-5.805114645197386736e-01
-4.489681698361096540e-01
-9.963117644657626393e-01
-2.483932238633099754e-01
-4.253266674289735150e-01
3.493465295928133152e-02
-5.849364112758057566e-01
-5.016392841508909850e-01
-4.190845756306404990e-01
4.882815434941905064e-01
7.212393063703048668e-01
-6.080923943473144355e-01
5.420267599444419382e-01
-7.524420537328055936e-01
-1.088525552291050857e-01
-1.425378650408022363e-01
5.091849384751776508e-01
-8.794202726779620782e-02
4.105663590087469395e-01
-5.024887723227025038e-01
1.494722112972630690e-01
1.728805228527621196e-01
5.478310030832749256e-01
9.201216422218172486e-01
3.840786730420693296e-01
-5.058547473905719016e-01
-5.008291544210121682e-01
-2.010826977858966025e-01
5.986603173609799100e-01
3.910498540785412036e-01
4.633552580214552741e-01
-2.971046315278171868e-01
-9.180378589692694824e-01
-3.706540477902409148e-01
-4.310526023841485532e-01
8.455774923604435500e-01
-8.253824887713312464e-03
-4.612303795254413252e-01
-7.884443258786211217e-02
7.498368085609563582e-01
8.209907031575005565e-01
-7.336395403476394517e-01
-4.350905293856495160e-01
-6.812992876763090955e-01
9.162706214265550209e-01
4.924649826529583496e-01
-7.703550662872957755e-01
4.604586891031756668e-01
1.658004599519933286e-01
-4.179496332110257395e-01
4.634605974896242042e-01
9.417817258132354930e-02
-8.771663795783666284e-01
8.281166655686640343e-01
1.448649568955093780e-01
-1.129319560250048315e-01
9.036809279768314163e-01
-8.425727427692499827e-01
4.532760711184697922e-01
3.076485226313137034e-01
7.679756069479850566e-01
-6.633640271382970077e-01
6.246084855066620367e-01
8.675541307673755309e-01
-6.258685124042566716e-01
-6.141615929156307718e-01
-7.424582091083080648e-01
4.143182055110483653e-01
4.336879664763995113e-01
-4.392872056487495680e-01
-3.245573014397835632e-01
7.154723198980990073e-01
2.874609053047416651e-01
-4.399407188516815115e-01
5.317684652617253871e-01
-2.372440949131082721e-01
-5.773968539495530905e-01
9.205661914074179109e-01
1.403512910576836248e-01
-6.339407736677469263e-01
6.969462839946756194e-01
8.677848333902531408e-01
4.745033712432118467e-01
2.663756220603450409e-01
5.336711211301465863e-01
7.560339152729536050e-01
-6.752618993512673473e-01
2.970508241076286193e-01
-5.357623764805212740e-01
-6.152666263867019314e-01
8.416253583497730340e-01
5.650137201847238444e-01
4.175298002798968344e-01
6.247632983092190617e-01
-8.443092416923425603e-03
-1.295294946811080816e-01
9.852590436657893136e-02
6.919296637088827584e-01
-9.767777952606140346e-01
9.966055780521587693e-02
9.594376051000839123e-01
-7.912957837076484147e-02
7.490479962639675637e-01
3.360358333385125018e-01
6.279800219937969885e-02
8.035825510200602650e-01
5.744208644703214794e-01
-3.831296456398389783e-01
9.564342012070043975e-01
