-8.171875234819607758e-01
-2.141219163266809833e-01
-4.059863848038847145e-01
9.274944034672258919e-01
-3.822630070110279998e-01
-5.229053338101414816e-01
-2.381650656199891802e-01
5.312548159487600063e-01
-2.856583903296039395e-01
8.645508647130029090e-01
-3.004471388917318020e-01
7.145931638321156854e-01
9.698693630069012972e-01
-7.197781941794154648e-01
2.012944811732957362e-01
6.568813890765001773e-02
5.820856461492143197e-01
1.130362100057924479e-02
-9.209766943507193826e-01
5.121702469145084091e-01
3.088746247618510132e-01
5.270479177045175323e-01
0.000000000000000000e+00
4.385813626227146322e-01
4.232050204048272146e-01
5.134804531745038592e-01
-8.687535150554146490e-01
3.071511923729646210e-01
-1.892323653067551348e-01
7.744422275662572464e-01
0.000000000000000000e+00
8.486703466619416325e-01
-9.675997782033385342e-02
-2.921376039620187104e-01
-4.551031359531112486e-01
0.000000000000000000e+00
0.000000000000000000e+00
0.000000000000000000e+00
1.888616535252580775e-01
-4.180726617571215442e-01
4.501274050555501560e-01
3.431157429016487015e-01
0.000000000000000000e+00
-8.510740162711167844e-01
-1.434418750277441923e-01
2.976118511773848674e-01
-2.717876359285378296e-01
-8.450450839556213900e-01
-2.301473674536218539e-01
6.578631742559448714e-01
1.979818655893215151e-01
0.000000000000000000e+00
0.000000000000000000e+00
0.000000000000000000e+00
0.000000000000000000e+00
-7.612842546027167590e-01
-9.915995277570408550e-01
-6.537920674466857207e-01
8.839344800140729319e-01
7.658596121421534786e-01
-8.714872497529255746e-01
0.000000000000000000e+00
-5.669032073298434504e-01
4.815946831685298246e-01
0.000000000000000000e+00
-5.595765865641433301e-01
-6.798119156985042988e-01
0.000000000000000000e+00
1.051124994541232649e-01
3.451740897313970713e-01
-7.676112760376614386e-01
0.000000000000000000e+00
2.687272683992469879e-02
0.000000000000000000e+00
-5.591226428958886441e-01
-4.856103227579922077e-01
-9.111911851067537871e-01
-9.529492916580570849e-01
-5.295553830283017405e-02
-7.912369215392693889e-01
0.000000000000000000e+00
8.316515873628025357e-01
2.763300307841820569e-01
9.807205435018895301e-01
1.787956408978164102e-01
1.070560933290676253e-02
-7.683325935172624632e-01
-7.793343997392598865e-01
7.454131328755249086e-01
4.055498420467738008e-01
5.700831013686817883e-01
3.192562703530632540e-02
0.000000000000000000e+00
2.942277727158748579e-01
-8.143654897025618400e-01
9.171316144222640965e-02
-9.200368747248852674e-01
1.132904753126677821e-01
0.000000000000000000e+00
5.536541246134973893e-01
9.493329101921690327e-01
1.301691284500061663e-02
9.929873269173632444e-01
8.415173450906900943e-01
-3.599950903795416934e-01
0.000000000000000000e+00
-5.185638874724114444e-01
-9.325661623581718018e-01
-1.109372010741334069e-01
3.141582289384503568e-02
3.780201140419161554e-01
0.000000000000000000e+00
7.645078307921937544e-01
1.856097652411334842e-01
-8.355676971449632617e-02
8.299583782519075470e-01
-2.252764450607704916e-01
-7.622285683990377425e-01
0.000000000000000000e+00
0.000000000000000000e+00
-4.486962659383644247e-01
0.000000000000000000e+00
-5.134857787894133718e-01
1.100621267739727571e-01
-1.492741276089890601e-01
-8.927823728834605177e-02
-5.164951988916743897e-01
7.875766200502467562e-01
6.428209011672338935e-01
0.000000000000000000e+00
-2.272764003213927353e-01
-1.197090481164755360e-01
-1.824027926416738055e-01
9.011286879554067930e-01
4.122368582232025513e-01
3.278323539478273929e-01
3.057793759490425867e-01
2.516442017711812973e-01
-9.088999980716314653e-01
0.000000000000000000e+00
4.947595690459383189e-01
9.074854648584040895e-02
0.000000000000000000e+00
3.721244521792437254e-01
-5.440678010651622820e-01
2.650304366446107895e-01
-1.521748456329756749e-01
1.497930212462119659e-01
6.687527999931568434e-01
2.945746314767812013e-01
8.391885842116313388e-01
0.000000000000000000e+00
-4.727753427912591011e-01
-1.739568432189049219e-01
0.000000000000000000e+00
-2.099104065895975868e-01
-8.916761603136791337e-02
-2.579621050991818265e-01
9.219169146725831876e-01
-7.597214462977097682e-02
-4.235680939389667721e-01
5.745258199099110286e-01
6.468985386385845970e-01
-2.450278764937017240e-01
5.750086238311633569e-01
3.874483861660662498e-01
3.318231118606682628e-01
-6.921770833637042042e-01
-4.898413234017160445e-01
-6.770404796476525711e-01
3.712303262970209072e-01
0.000000000000000000e+00
-1.161845154753446963e-01
1.273290720954873834e-01
4.082516718446991266e-01
-8.567836908783694749e-01
0.000000000000000000e+00
0.000000000000000000e+00
-4.420820111994863133e-01
-4.032488884921929806e-01
-2.550834957249441537e-01
9.204439610497996416e-01
-5.687529433716753680e-02
4.522246875472064609e-01
-4.209095805607894203e-01
0.000000000000000000e+00
4.064770667432207052e-01
-7.519576024309650997e-01
0.000000000000000000e+00
-4.194828974552162748e-01
0.000000000000000000e+00
2.017494692207533191e-01
1.445050077426659474e-01
3.623188682387481485e-01
0.000000000000000000e+00
-5.202279361621544584e-01
1.399992650164880725e-01
-9.040805908010669523e-01
-4.915045129524528988e-01
-5.637191991169312466e-01
-8.061787886579505624e-01
-7.944645940813648277e-01
5.701560198039823391e-01
-4.553703360367999942e-01
4.136783853718568604e-01
6.171041110653958661e-01
-7.163986788588121435e-01
9.028350895911749774e-01
7.468633804184157121e-01
2.558345762339320206e-01
0.000000000000000000e+00
-3.400236150146902503e-01
0.000000000000000000e+00
6.376508985873337032e-01
0.000000000000000000e+00
-7.725174291674856697e-01
-8.712374984574715597e-01
2.015217947310308233e-01
5.144918576058101767e-01
-1.355171460043178566e-01
-2.474956996633381756e-02
-6.029884000403002986e-01
0.000000000000000000e+00
-3.510523087107888518e-01
8.420483064355424041e-01
-5.839260870163149875e-01
-9.951401162402584433e-01
8.352698152163426926e-01
9.582276239711151611e-02
-3.950776945751637292e-01
-1.951365197019305775e-02
2.625217165806410513e-01
0.000000000000000000e+00
9.507688990618274882e-01
9.834390868057680812e-01
0.000000000000000000e+00
-7.302278821298719969e-01
4.984928291382024756e-01
1.499526914944089295e-01
-6.695648144230672560e-01
0.000000000000000000e+00
2.486587588408495364e-01
-7.374702810835775946e-01
0.000000000000000000e+00
0.000000000000000000e+00
-7.413874039545376160e-01
-2.592735174131166609e-01
0.000000000000000000e+00
-8.518899027149227088e-01
0.000000000000000000e+00
-9.220776457670794013e-01
7.848294871512271342e-01
3.929445434899383471e-01
-3.512135981982966726e-02
0.000000000000000000e+00
-4.687559521078490388e-01
2.625476727165261259e-01
2.007465453486083629e-01
9.187018627153689110e-01
-5.029642810899876970e-01
-1.870634871911081021e-02
0.000000000000000000e+00
0.000000000000000000e+00
-5.886999174790397138e-01
-9.786572863120075461e-01
