8.388030640210564215e-01
-7.939383957068848474e-01
-5.353435495893295037e-01
-8.175951636470557560e-01
-9.491548496455644024e-01
3.229483281012677232e-01
6.349157274412242646e-01
2.613597170374042378e-01
-5.449271890210112268e-01
1.712787084134936855e-02
-3.853322501574825143e-01
-3.289235695372725310e-01
5.517392565943513016e-01
-6.308656541424755293e-01
-4.620830529027648570e-01
9.009528323660407345e-01
6.749271193874823993e-01
-7.912427054851343122e-01
-7.516196357130660033e-01
7.864216306065932027e-01
8.333829522879931950e-02
-3.159371562385473453e-01
-8.997910513923887965e-01
4.933368350450826334e-01
-5.241077780841107980e-01
-9.579446703288279075e-01
4.894076786089029962e-01
7.639467163914019920e-01
-9.359344639930959886e-01
5.923475856058182387e-01
7.923649240242573999e-01
-3.815116410685193138e-02
-6.776542998170813625e-01
-6.664203213897963440e-01
3.117091941265874855e-01
2.488048306722443481e-01
-4.527287694930035578e-01
-6.781146633487302733e-01
6.071044028177372542e-01
4.531975732100734788e-01
5.890611200715136775e-01
-3.727673352605505031e-01
3.420212003190448158e-02
-5.744946421585828134e-01
-8.784949331431788355e-01
-8.953085503645719090e-01
1.758018197894462009e-01
2.610204124640740364e-01
1.677554004409431698e-02
-2.132633817467877169e-01
9.540172250989333858e-01
-2.781316080422646664e-02
8.121031782139302990e-01
1.764699542128012055e-02
1.314170770543696687e-01
-2.903294097265993745e-01
-5.233042945518220357e-01
-8.340475511795959473e-01
6.062955393525346626e-01
4.170419189907670354e-01
-3.816621867347353980e-01
1.369251884841138356e-01
-4.274256560353648648e-01
-6.845597698481067361e-01
6.438168474107734962e-01
3.675612085911521554e-01
5.793189333299841870e-01
-6.640041752558933918e-01
-1.242695606249402118e-01
1.979201569962423246e-01
9.420636881504165228e-01
3.786589788134020473e-01
4.001749091377060363e-01
4.652524912920856792e-01
-2.689543816524975206e-02
7.728717935258155869e-02
2.505786816849582266e-01
2.416494701782982979e-01
3.260374753350232524e-01
6.248505153192969175e-01
-8.732927861455850316e-01
6.692855879631682825e-01
-7.006684596571686185e-01
-2.333338037766348183e-01
3.199096973799862020e-01
-5.930357701025210648e-01
-6.924557065226688568e-01
-2.064087633103874886e-01
-2.650481618661120198e-01
5.865564652174251048e-01
-7.722940978735697293e-01
-3.675625778293190038e-01
-1.857539431491865844e-01
-3.588614233441631551e-01
-7.728038437560544871e-01
-4.005832343684496699e-01
6.798226294650431267e-01
-9.006524424297230880e-01
5.894699911782130819e-02
3.049380822850320527e-01
-1.856074495265096491e-01
2.661216432421591449e-01
-5.274207692773931200e-01
7.822458078934562131e-01
7.038652846012427577e-01
3.113876686044516617e-01
-1.645979403725730261e-01
5.367933552059422908e-01
-5.261563172251519926e-01
-8.727440952183018741e-01
-4.784605689837124753e-01
7.280238754944488022e-01
-3.389439939698366544e-01
-8.789700393803459022e-01
6.799556112221056825e-01
5.785008453280560126e-01
-1.859462218712133463e-01
7.176986318561890954e-01
7.958766321247539022e-01
-8.277432439175105294e-01
8.446675569467083644e-01
-9.695441629724530497e-01
9.814716298341492617e-01
1.150621840110119809e-01
-6.780109363645649978e-01
2.481963048822795059e-01
-1.868461010090192165e-01
9.124377912711825189e-01
8.847137433770657644e-01
-5.524796230728648005e-01
-7.857956194952453455e-01
-9.234115595796659193e-01
2.439937466658608223e-01
-9.411343446203466190e-01
7.044609917012036870e-01
1.911638821564831670e-01
6.780456641699921239e-01
3.283724839692567787e-01
-9.805103126040464190e-01
-2.932197350765275434e-01
-2.504802229544236258e-01
2.955565139456750590e-01
1.929153545398731850e-01
-7.467874972525860855e-01
8.693888702179661809e-01
4.474193761987508289e-01
3.304866402517880886e-01
8.340299820392211849e-01
2.108605248213495376e-01
-2.976095207321449720e-03
-1.966792269131065751e-01
-7.377838198920350088e-02
9.097988456869929852e-01
4.986474873984567679e-01
3.210736766008825960e-01
3.638635207474234523e-01
-7.642630840497062206e-01
-6.090572953643282883e-01
4.816513380304376923e-02
4.282543101521030238e-01
-5.488839728750241065e-01
-1.984218558120192100e-01
-7.098150200964470358e-02
8.660971334481419870e-01
5.489011893858630753e-01
4.932093364271481484e-01
2.627217163417736590e-01
7.311092890426145186e-01
2.280726239237100827e-01
8.111617744992261070e-01
8.236067681384231509e-01
3.133256795061796218e-01
-7.376588633185869881e-01
3.816627550924618362e-01
1.615000398759716127e-01
-4.937538805094596750e-01
-5.102856387129062199e-01
7.774687981558294769e-01
-5.787867614058979093e-01
5.120075533592929329e-01
-3.334086455705012053e-01
-5.382537184605089564e-01
2.874306388416427716e-01
-8.513557234600011014e-02
3.042775609659211788e-01
-1.149787816961558296e-01
5.909869117318788945e-01
9.375364669149988117e-01
8.243343968436047664e-01
6.226282699820513411e-01
1.489569337048000097e-01
2.506165675840543727e-01
-1.153509572823792073e-01
3.380923656237699859e-02
4.857090944878661443e-01
9.905819325089948446e-01
-9.812771752907836209e-01
-2.020627002915931225e-01
-8.121412983301099509e-01
-2.807174774972749365e-01
3.939608183844249822e-01
2.228008416542215375e-01
2.500212868649041020e-01
1.777683792390627460e-02
5.121648757049368506e-02
-8.132814877466894021e-01
-3.864953353939799552e-01
-6.261342395188995713e-01
-5.442994882527840694e-02
-7.639226302411896707e-01
-1.909316560425899922e-01
-7.984531163776824592e-01
-1.426629722288210722e-01
-2.945876677388008513e-01
2.211564690786611553e-01
4.148453489507741843e-02
-8.301464811732921500e-01
-2.442079792492988233e-01
9.039198918440096708e-01
2.784968849550581993e-01
-7.991976155303357476e-01
5.088954704214829761e-01
-8.222125534659332491e-01
6.061731939957537563e-01
-3.491097409824761577e-02
-4.927869411475409578e-01
-1.040495011888362686e-01
-3.769065871575527638e-01
3.228840719926739933e-01
-9.914527013790825904e-01
3.722748867855105726e-01
2.526970512379840272e-01
-2.060451686325364129e-01
-2.191741618512244028e-01
-4.180104690604105055e-01
-4.715258774670716413e-02
-2.911769186293027278e-01
8.182053496116512559e-01
5.103867086223916605e-01
6.298746955936020964e-01
-6.938216322559176419e-01
3.714421432757919472e-01
5.825358048577689019e-02
-6.065255695746480935e-01
5.202010320492886919e-01
-7.399846290023937012e-01
3.251370042247774261e-01
4.807158704372649360e-01
-6.032102753073780299e-01
-5.646645786258996935e-01
-9.144893406668843649e-01
-1.392679840285522275e-01
6.759071426455640630e-01
4.638655798292170562e-01
-2.570164005646762284e-01
7.284648176452130919e-01
7.506632090651790268e-01
5.742028454172323215e-01
-6.357711190761412556e-01
4.894276139118480806e-01
3.162621634825313333e-01
-6.014244172084957096e-01
4.563078960589048716e-01
-3.565782768853413831e-01
-8.661016151459783874e-01
