8.063694503900697974e-01
8.455800338317129849e-01
-1.789987847470511095e-01
-2.369291996972096026e-01
3.216723423161260698e-03
5.175429950963961190e-01
-8.447191094035353398e-01
0.000000000000000000e+00
0.000000000000000000e+00
0.000000000000000000e+00
-6.330668277427728974e-01
-4.613863632615271548e-01
-4.711751054345323375e-01
-9.251128915257733620e-01
5.111800490913949169e-01
5.998348020612054299e-02
0.000000000000000000e+00
8.036083101370796733e-01
6.475362853064114965e-01
-1.268229002466592092e-01
6.317641418499595485e-01
-2.608826235396393134e-01
-6.835403535795494534e-01
0.000000000000000000e+00
0.000000000000000000e+00
0.000000000000000000e+00
-2.050346465599128809e-01
2.580843157958656597e-01
8.394339006915196855e-02
-6.979847700434420599e-01
-7.913324140771769155e-01
0.000000000000000000e+00
-1.475114753316868477e-01
-9.852049930322477334e-01
-1.557515561361655365e-01
3.784711524245805148e-01
0.000000000000000000e+00
-6.202612603621742160e-01
-9.963831574813737380e-01
5.899003722822340201e-01
-2.396443364235307794e-01
-3.725954763963692518e-01
-6.907255921604411597e-01
0.000000000000000000e+00
-4.674792169060248970e-01
-4.861727421048962494e-01
-5.343677853788142418e-01
3.492779950239555120e-02
6.264768884988980435e-01
-3.820448880942248771e-01
-1.673370376460781017e-01
-3.286820852635363721e-02
6.845720765936913477e-01
5.329720868849983084e-01
9.707957713832433555e-01
-6.536063007594898888e-01
6.109167251059146597e-01
-4.108083726397990798e-01
1.530986198904111806e-01
5.423591173838526736e-02
1.494657052876446901e-01
-3.562831351275907998e-01
-8.559698378548896702e-01
-9.842473677478924543e-01
8.549484970049900934e-01
7.729045090387289818e-01
0.000000000000000000e+00
-8.204326943706352626e-01
0.000000000000000000e+00
3.363393859102004058e-03
-5.944829398661077846e-02
2.779210400342280174e-01
-6.847759341356187690e-01
-5.629198645050614846e-01
6.294912860707435609e-01
4.691861304929905163e-01
9.675157101609233035e-01
-1.332921217977645068e-01
0.000000000000000000e+00
7.781157820084536603e-01
1.521906837722752925e-02
7.842821599918352593e-01
-6.748329719047083675e-01
-8.593203230509118828e-01
6.282087334354147234e-01
0.000000000000000000e+00
3.082487124834853986e-02
4.738506879449575493e-01
3.586308387821137700e-01
-5.598450467244098228e-01
5.739167266023434966e-01
-9.148470247388413856e-01
0.000000000000000000e+00
0.000000000000000000e+00
0.000000000000000000e+00
-3.948768789636907250e-01
0.000000000000000000e+00
0.000000000000000000e+00
5.830186489456472554e-01
0.000000000000000000e+00
8.699412822800325351e-01
1.480937746657009502e-01
6.488141749633926647e-01
0.000000000000000000e+00
-4.898722536668118632e-01
-4.436148910889019525e-01
-4.764288491269625947e-01
-9.489121042789918636e-01
2.398851656765217388e-01
-1.994498593799514108e-01
8.206367152544158383e-01
-8.978061965719490445e-01
5.660614295394172935e-01
-6.100858963386350808e-01
-3.522399077009243928e-01
-4.148560206214475521e-01
9.146186993333715876e-01
2.918191261048854734e-01
-6.508211291740462201e-02
0.000000000000000000e+00
-9.046771346371809130e-01
-2.651789299006661604e-01
9.481399766161608955e-01
-1.111495455461761761e-01
0.000000000000000000e+00
0.000000000000000000e+00
-9.048948329746011598e-01
-3.581547586433737607e-01
0.000000000000000000e+00
0.000000000000000000e+00
-2.340327398516581781e-01
3.629967939975318192e-01
-7.306545462907867439e-01
3.886918723543595355e-01
0.000000000000000000e+00
3.144451822833123078e-01
-6.526490336195036601e-01
5.786674477836926123e-01
-1.615297958521766386e-01
6.647627363552706115e-01
9.350956310578504294e-01
1.625299029503708415e-01
-9.574937368872282750e-01
-2.677729842965355100e-01
9.517943066347895886e-01
3.041510368290600841e-01
5.171008041303772895e-01
-4.760833932947416969e-02
8.810217480349908925e-01
8.139399703383289886e-01
2.253319276589651476e-01
1.794330526860348218e-01
-7.937688404345690785e-01
-9.854093033523121381e-01
-5.891540196063689283e-01
4.414575178904087682e-01
6.945579790860156866e-01
5.394927684901920095e-01
7.739706415989737742e-01
-9.390337742131704690e-01
-9.428217963082694553e-01
-4.894375932230830006e-01
0.000000000000000000e+00
0.000000000000000000e+00
8.593481533220401758e-01
7.978192012805020994e-01
-7.873602749840258319e-01
3.283205912054676379e-01
3.420934473653534091e-01
3.147828755879402696e-01
-1.768312452893587849e-01
-5.271074292398558736e-01
7.723864639258377629e-01
8.072984757762324826e-01
4.329162006958444664e-01
0.000000000000000000e+00
-9.340973112753001573e-01
-4.467665984906359355e-01
-5.207898827554204857e-01
-5.145993672732880331e-01
-5.679549303808848482e-01
3.360776787464501147e-01
3.597753468795743537e-01
-6.480940189306907406e-01
8.036482604313694988e-01
-9.988872830477286691e-01
9.112726766369878550e-01
1.660251647245747364e-01
2.905716336041510583e-01
-4.369805853044026467e-01
3.827885848802068391e-01
7.528023816242750410e-01
-5.893757248799966764e-01
0.000000000000000000e+00
5.757348978318312938e-01
-5.014564396595615481e-01
0.000000000000000000e+00
-1.622939568820402911e-02
-6.263500122717762242e-01
-5.730045380157449131e-01
-4.325808435224725024e-01
0.000000000000000000e+00
6.378602235649104557e-01
1.306924120480230656e-01
3.065615351729333860e-01
0.000000000000000000e+00
5.504330537593218331e-01
9.220131086167944190e-01
9.992092201501996396e-01
-9.150414203832719640e-01
-3.790265325374915228e-01
-8.209344000291489696e-01
-5.038958041400998233e-02
3.150254657877511466e-01
2.164982045667229738e-01
-2.910091685195759226e-01
0.000000000000000000e+00
2.475240889532279720e-01
9.933040826803221091e-01
-1.488825248552603231e-01
2.895870031834779645e-01
-8.015950180325361885e-01
7.161274830335617736e-02
0.000000000000000000e+00
-5.341874968535529344e-01
2.484992092068296632e-01
0.000000000000000000e+00
-7.704256354062954948e-02
2.141434422605912324e-01
-4.038113311573199304e-02
-6.971965227178038571e-01
-6.196191686469740834e-01
0.000000000000000000e+00
0.000000000000000000e+00
-1.340311476377611388e-01
-5.983636959741229777e-01
0.000000000000000000e+00
0.000000000000000000e+00
-7.247431986438714890e-01
0.000000000000000000e+00
-5.799930088232674308e-02
0.000000000000000000e+00
0.000000000000000000e+00
8.278213117784980479e-01
-9.093011020490926466e-01
0.000000000000000000e+00
-4.124879083551791226e-01
5.786285168268374690e-01
8.730472103107227433e-01
5.182681563894004917e-01
0.000000000000000000e+00
6.785451483271198736e-01
0.000000000000000000e+00
0.000000000000000000e+00
0.000000000000000000e+00
1.266123494081361489e-01
1.872020576007973336e-01
2.534613685960951379e-01
0.000000000000000000e+00
0.000000000000000000e+00
4.875238988797712114e-01
-6.541440617427669579e-01
8.209248017475347936e-01
8.378819107996142712e-01
6.565789465088798238e-01
