-8.171875234819607758e-01
-2.141219163266809833e-01
-4.059863848038847145e-01
9.274944034672258919e-01
0.000000000000000000e+00
-5.229053338101414816e-01
0.000000000000000000e+00
0.000000000000000000e+00
-2.856583903296039395e-01
8.645508647130029090e-01
-3.004471388917318020e-01
7.145931638321156854e-01
9.698693630069012972e-01
-7.197781941794154648e-01
2.012944811732957362e-01
6.568813890765001773e-02
5.820856461492143197e-01
1.130362100057924479e-02
-9.209766943507193826e-01
0.000000000000000000e+00
3.088746247618510132e-01
4.335030553653360652e-01
0.000000000000000000e+00
9.518538085018619643e-01
-6.425627856930826720e-01
-4.348070043890617242e-01
-6.002519403034534129e-02
-9.582359155699826658e-04
0.000000000000000000e+00
6.937406150193712318e-01
-2.189125588021303415e-01
5.803183671957738987e-01
7.031683511455382174e-01
-4.240332834005962059e-01
-7.942375652406217235e-01
9.946036866001577437e-01
3.182545109859298282e-01
0.000000000000000000e+00
-4.977076077300308654e-01
5.579286687515232490e-01
6.250085775324865089e-02
-7.108039639258492137e-01
8.749634186070243125e-01
0.000000000000000000e+00
-8.385114562764608426e-01
-2.420289023217057078e-01
3.202027349158633740e-01
6.276021805631692985e-01
0.000000000000000000e+00
-1.961250878770217643e-01
-8.569157656347872187e-01
6.345312082133078846e-01
0.000000000000000000e+00
-9.063041295510401163e-01
0.000000000000000000e+00
5.630885734174011503e-01
2.760947564948643684e-01
0.000000000000000000e+00
9.296315766318601348e-01
5.475911275022313784e-01
6.889687275115752296e-01
-7.530555708765773737e-02
4.444176778771178338e-01
3.296783952658703942e-01
9.104826040942999299e-01
7.638499328633017171e-01
6.625813978983385866e-01
-5.574370364998124661e-01
0.000000000000000000e+00
-1.099316586790775041e-01
3.997493624093946263e-01
4.430204970319733260e-01
-1.466202049987641587e-02
-7.613657226225809538e-01
9.360244895604561410e-01
3.179890161551095495e-01
9.240127599465552954e-01
-3.049387792645275042e-01
3.869722524375651673e-01
0.000000000000000000e+00
7.028932892412791400e-01
-8.212788666191654929e-01
-6.801872110857085652e-01
-9.802653170431510077e-01
0.000000000000000000e+00
8.852832870132849585e-01
1.067959122763926239e-01
9.977150358954456344e-01
0.000000000000000000e+00
-2.100122154689281206e-01
1.643030817157240531e-01
0.000000000000000000e+00
5.189640257602823326e-01
7.083065636931882292e-01
-1.012099598045392845e-01
-1.543993616400762825e-02
1.351855205258025716e-01
0.000000000000000000e+00
-1.094654492469857576e-01
6.475435466897616621e-02
0.000000000000000000e+00
-1.803637595349303346e-01
-6.592391319955872575e-01
8.911489192568453621e-01
-1.899204026616587715e-01
3.233918619924833759e-01
-2.626735786995342270e-01
-5.960231724729114777e-01
8.583565026351664962e-01
3.146172556788315866e-01
6.691707564489723925e-01
1.364500677175306542e-01
-5.695269530575557404e-01
-8.203138876301527826e-01
0.000000000000000000e+00
0.000000000000000000e+00
6.730191329891737073e-01
6.215723192429301047e-01
2.717967258787974405e-01
3.657192092504961689e-01
-9.270718306503049622e-01
-6.880671711600763185e-01
4.535020598277073045e-01
-3.247439582584228379e-01
0.000000000000000000e+00
-6.628785242535548683e-01
2.457186981066843412e-01
0.000000000000000000e+00
-6.836705930894337868e-02
0.000000000000000000e+00
6.252945904165536639e-01
1.441629891912277195e-02
0.000000000000000000e+00
-2.961162656551126204e-01
0.000000000000000000e+00
-2.880254044413768089e-01
-2.692063811405724927e-01
-1.925038885513630227e-01
0.000000000000000000e+00
-9.763925083097733104e-01
2.188184441387985846e-01
9.735645212476011778e-01
6.748881717614374498e-01
-9.297820901446818276e-01
0.000000000000000000e+00
-5.769367686978783549e-01
5.522059535732948277e-02
-4.473622387847371318e-01
5.831290854131079282e-01
-1.902932391599696516e-01
7.416177956377607572e-01
-6.229841354560838873e-01
-2.380322620714636628e-01
5.182542440011901341e-01
6.102992002622762424e-01
5.485618236504528067e-01
-2.997447080712789536e-01
0.000000000000000000e+00
-1.345150598476998471e-01
-6.474333445033464418e-01
9.244401977626388600e-01
0.000000000000000000e+00
0.000000000000000000e+00
-4.098509901891906893e-01
-9.801119472393211574e-01
-3.003727764049832771e-01
0.000000000000000000e+00
3.501013206811656175e-01
7.469270938737591070e-01
2.830610956060202188e-01
-8.919931205325972723e-01
-2.229441174578163931e-01
3.673391797388880775e-02
0.000000000000000000e+00
1.359072199049546903e-01
-3.898383793017639043e-01
-3.832248220574876463e-01
0.000000000000000000e+00
-5.972788920812353020e-01
0.000000000000000000e+00
-9.098737892037462860e-01
9.590291773190280367e-01
6.427301776861025218e-01
-9.919404632085990769e-01
-5.100479166507685402e-01
-4.932453124210325335e-01
3.362388600360708413e-01
-3.900412460225539668e-01
-9.971242056118412300e-02
7.774151671796423191e-01
4.768492585856809463e-02
-7.445414950520337083e-01
4.408974299503072292e-01
0.000000000000000000e+00
8.760730887108247877e-02
9.827933477714443367e-01
-6.841047664243491422e-01
-6.882190574891442481e-01
-2.430637206722028321e-01
-7.379021033208377212e-02
-3.386169270631060879e-01
2.053608506760233876e-01
5.550751585365776286e-02
4.775750255476467476e-01
-6.968384579569733006e-01
3.577281599967840897e-02
8.942321323350432838e-01
-3.551272422565561193e-01
-9.436088384645118232e-01
-7.498751931860532238e-01
-2.996192434269218108e-01
8.491293646593345290e-01
3.973665989682397814e-01
5.773710356779957475e-01
-8.822208189706550741e-01
4.376928730077924712e-01
1.031369656331453388e-01
8.420796608245983972e-01
-6.672333503736100901e-01
-7.697419286757556378e-01
-9.186305628805073731e-01
-4.033790969424284611e-01
6.206023089885315258e-02
-2.625788014922094682e-01
9.360805007050174709e-01
-6.775681696480801985e-01
-7.276014876148473309e-01
-9.803785439301233584e-01
5.174927367448360904e-01
-8.042673337355488172e-02
-3.024230951322293137e-01
3.208820795325784125e-02
-8.443683102002816909e-01
2.845984345940635318e-01
3.553904147173434502e-01
9.667421137279379462e-01
8.375296625368882086e-01
-7.823792345560045547e-01
7.927038874629162013e-01
-2.664531710704542977e-01
-2.602624435926119695e-01
-8.283623363406071860e-01
1.346251130451399103e-01
8.579169982520820081e-01
-7.460510112555833739e-01
1.522841879567893297e-01
3.271761729218798376e-01
3.647368126034302716e-01
-8.873366991655911029e-01
-4.932605350216330287e-01
2.886085863009208996e-01
-1.661298226946514855e-01
-3.061640868265054216e-01
-1.484430949479940143e-01
-2.198161271285066221e-01
4.848375729546756663e-01
-2.453846433137085725e-01
1.895075011151128308e-01
-5.618658500530246958e-01
3.653082270043528368e-02
-5.535518249025175308e-01
1.117251534543652891e-01
5.727894464810658892e-01
5.569316103805115326e-01
-6.531324085396081891e-01
