-9.439905704904827388e-03
-8.280276070261094468e-02
-6.655553317194868868e-01
7.675563534583804692e-01
1.670947828734243856e-01
5.187469844913090711e-01
-5.192187964856633808e-01
4.433753528106387787e-01
3.902155274298473309e-01
5.484543046130549993e-01
-6.288617317998499434e-01
8.988283212454546423e-01
-8.760038996419394763e-02
-8.392834769848762644e-01
8.438578246378576342e-01
-3.884141904166014125e-01
7.915236781918602027e-01
-5.845002371970353661e-01
-8.549551316580732419e-01
2.671899611691275211e-02
9.735420364114233394e-02
3.477978129604124558e-01
2.819659317000193788e-01
-2.764158354831172115e-01
5.197350155585163112e-01
3.000666214379510421e-02
-7.105997849747229811e-01
1.682132033001142446e-01
-2.956911667512596154e-01
9.072253988053669005e-02
-6.834668476792613578e-01
-4.948586834394634870e-01
-4.705399848914679772e-01
3.272882368657274998e-01
-9.528464403146377215e-01
-1.674208324229198297e-01
-1.964645030262268666e-01
7.473870031357774391e-01
-7.543792280461592004e-01
2.917602104585870215e-02
6.205861620663306599e-01
-1.836626184477549995e-01
9.121071393304858166e-01
-4.917298061141204268e-01
-9.928583559440040673e-03
-3.892621488088172654e-01
-4.369459142031775212e-01
-8.593152640788570551e-01
5.539330676902181061e-01
3.082458648004076096e-01
6.727620620573124821e-01
-4.628965051785383089e-02
-6.356527384615955345e-01
3.206954914445439009e-01
8.686832399603616750e-01
1.139916162032035274e-01
-4.738349625086377692e-01
4.565217865821535881e-02
7.073891815131354566e-01
6.385580900579979069e-01
2.539887046878097632e-01
4.831488547026958624e-01
-9.362988339205016164e-01
-7.255027562378091321e-01
-9.779255818226721964e-01
-9.921873033887873561e-02
-2.066281662753133297e-02
-9.650636129826062337e-01
6.394590247580207443e-01
9.448860187594476656e-02
4.629351604740303827e-01
9.319976395979117090e-01
5.287692940392259011e-01
4.937429613433206299e-01
2.764648486236167546e-01
4.998179718500495028e-02
5.356871197007249119e-01
5.652886286849450048e-01
-4.029189706987130748e-01
6.096056078386600241e-01
-7.016386359005706286e-01
6.457803920011562226e-02
8.406472275423246820e-01
-5.633503669239492417e-01
7.819992197669956013e-01
-3.192840590033507731e-02
4.592674535199881003e-01
-6.972250120307963428e-01
-8.976252041766517031e-01
-4.979299266292795956e-01
1.910949053997392788e-01
7.848189182411442477e-01
1.291322461238666452e-01
-6.997356841606183764e-01
0.000000000000000000e+00
-6.890142822307347981e-01
0.000000000000000000e+00
2.709145797671173028e-01
0.000000000000000000e+00
4.165061300020040935e-01
-1.856074495265096491e-01
0.000000000000000000e+00
0.000000000000000000e+00
7.822458078934562131e-01
7.038652846012427577e-01
3.113876686044516617e-01
-1.645979403725730261e-01
5.367933552059422908e-01
-5.261563172251519926e-01
-8.727440952183018741e-01
-4.784605689837124753e-01
7.280238754944488022e-01
-3.389439939698366544e-01
0.000000000000000000e+00
6.799556112221056825e-01
5.785008453280560126e-01
-1.859462218712133463e-01
0.000000000000000000e+00
7.958766321247539022e-01
-8.277432439175105294e-01
8.446675569467083644e-01
-9.695441629724530497e-01
9.814716298341492617e-01
1.150621840110119809e-01
-6.780109363645649978e-01
2.481963048822795059e-01
0.000000000000000000e+00
9.124377912711825189e-01
8.847137433770657644e-01
-5.524796230728648005e-01
0.000000000000000000e+00
-9.234115595796659193e-01
2.439937466658608223e-01
0.000000000000000000e+00
7.044609917012036870e-01
0.000000000000000000e+00
6.780456641699921239e-01
0.000000000000000000e+00
-9.805103126040464190e-01
-2.932197350765275434e-01
-2.504802229544236258e-01
2.955565139456750590e-01
0.000000000000000000e+00
-7.467874972525860855e-01
8.693888702179661809e-01
4.474193761987508289e-01
3.304866402517880886e-01
8.340299820392211849e-01
2.108605248213495376e-01
-2.976095207321449720e-03
0.000000000000000000e+00
-7.377838198920350088e-02
9.097988456869929852e-01
4.986474873984567679e-01
3.210736766008825960e-01
3.638635207474234523e-01
-7.642630840497062206e-01
-6.090572953643282883e-01
4.816513380304376923e-02
4.282543101521030238e-01
-5.488839728750241065e-01
0.000000000000000000e+00
-7.098150200964470358e-02
0.000000000000000000e+00
5.489011893858630753e-01
4.932093364271481484e-01
2.627217163417736590e-01
7.311092890426145186e-01
0.000000000000000000e+00
8.111617744992261070e-01
8.236067681384231509e-01
0.000000000000000000e+00
-7.376588633185869881e-01
3.816627550924618362e-01
1.615000398759716127e-01
-4.937538805094596750e-01
-5.102856387129062199e-01
7.774687981558294769e-01
0.000000000000000000e+00
5.120075533592929329e-01
-3.334086455705012053e-01
-5.382537184605089564e-01
2.874306388416427716e-01
0.000000000000000000e+00
3.042775609659211788e-01
-1.149787816961558296e-01
5.909869117318788945e-01
9.375364669149988117e-01
8.243343968436047664e-01
6.226282699820513411e-01
1.489569337048000097e-01
2.506165675840543727e-01
0.000000000000000000e+00
3.380923656237699859e-02
0.000000000000000000e+00
9.905819325089948446e-01
-9.812771752907836209e-01
-2.020627002915931225e-01
-8.121412983301099509e-01
-2.807174774972749365e-01
3.939608183844249822e-01
0.000000000000000000e+00
2.500212868649041020e-01
1.777683792390627460e-02
5.121648757049368506e-02
0.000000000000000000e+00
0.000000000000000000e+00
-6.261342395188995713e-01
-5.442994882527840694e-02
-7.639226302411896707e-01
-1.909316560425899922e-01
0.000000000000000000e+00
-1.426629722288210722e-01
0.000000000000000000e+00
0.000000000000000000e+00
4.148453489507741843e-02
0.000000000000000000e+00
-2.442079792492988233e-01
9.039198918440096708e-01
2.784968849550581993e-01
-7.991976155303357476e-01
5.088954704214829761e-01
-8.222125534659332491e-01
6.061731939957537563e-01
-3.491097409824761577e-02
-4.927869411475409578e-01
-1.040495011888362686e-01
-3.769065871575527638e-01
0.000000000000000000e+00
-9.914527013790825904e-01
3.722748867855105726e-01
0.000000000000000000e+00
-2.060451686325364129e-01
-2.191741618512244028e-01
-4.180104690604105055e-01
0.000000000000000000e+00
-2.911769186293027278e-01
8.182053496116512559e-01
5.103867086223916605e-01
-8.149191930951142915e-01
-9.696228779319278068e-01
-7.119747165558159008e-01
-2.319242526869347287e-02
-6.961915862054175452e-01
-6.538901321532208932e-02
-9.853494907277053905e-01
-3.815087619406896113e-01
-3.404211220702400009e-01
-6.687645234979799902e-01
3.114521759862340922e-01
2.449179135159023080e-01
-6.025232279581449468e-01
5.760703411698735454e-01
-1.956096334115249302e-01
-8.230269403699250752e-01
-6.972742161995344468e-01
9.039530854608306409e-01
1.144786823082262206e-01
7.220515612307842890e-01
6.552071809829929094e-01
5.406752295203030023e-01
-1.163480553684450580e-01
-1.369433894093370352e-01
-2.589578733442932101e-01
-6.165050519661194883e-01
