8.388030640210564215e-01
-7.939383957068848474e-01
-5.353435495893295037e-01
-8.175951636470557560e-01
-9.491548496455644024e-01
3.229483281012677232e-01
6.349157274412242646e-01
2.613597170374042378e-01
0.000000000000000000e+00
1.712787084134936855e-02
-3.853322501574825143e-01
0.000000000000000000e+00
5.517392565943513016e-01
0.000000000000000000e+00
-4.620830529027648570e-01
9.009528323660407345e-01
6.749271193874823993e-01
-7.912427054851343122e-01
-7.516196357130660033e-01
7.864216306065932027e-01
8.333829522879931950e-02
-3.159371562385473453e-01
-8.997910513923887965e-01
4.933368350450826334e-01
-5.241077780841107980e-01
0.000000000000000000e+00
-6.002519403034534129e-02
-9.582359155699826658e-04
-3.296568565526278860e-01
0.000000000000000000e+00
-2.189125588021303415e-01
0.000000000000000000e+00
0.000000000000000000e+00
-4.240332834005962059e-01
-7.942375652406217235e-01
0.000000000000000000e+00
3.182545109859298282e-01
-4.905918486221905184e-02
-4.977076077300308654e-01
5.579286687515232490e-01
6.250085775324865089e-02
-7.108039639258492137e-01
8.749634186070243125e-01
7.500246059006956401e-01
-8.385114562764608426e-01
0.000000000000000000e+00
3.202027349158633740e-01
6.276021805631692985e-01
7.870454546199723289e-01
-1.961250878770217643e-01
-8.569157656347872187e-01
6.345312082133078846e-01
1.362323771265152583e-01
0.000000000000000000e+00
-1.674839503835223731e-01
5.630885734174011503e-01
2.760947564948643684e-01
3.137550657572105717e-01
9.296315766318601348e-01
5.475911275022313784e-01
0.000000000000000000e+00
-7.530555708765773737e-02
4.444176778771178338e-01
3.296783952658703942e-01
0.000000000000000000e+00
7.638499328633017171e-01
0.000000000000000000e+00
-5.574370364998124661e-01
-4.557093088644721401e-01
-1.099316586790775041e-01
0.000000000000000000e+00
4.430204970319733260e-01
-1.466202049987641587e-02
0.000000000000000000e+00
9.360244895604561410e-01
3.179890161551095495e-01
9.240127599465552954e-01
-3.049387792645275042e-01
0.000000000000000000e+00
-3.782447021350729965e-01
7.028932892412791400e-01
0.000000000000000000e+00
-6.801872110857085652e-01
-9.802653170431510077e-01
7.112968631503224781e-01
0.000000000000000000e+00
1.067959122763926239e-01
9.977150358954456344e-01
8.054909375294820872e-01
-2.100122154689281206e-01
0.000000000000000000e+00
0.000000000000000000e+00
0.000000000000000000e+00
7.083065636931882292e-01
-1.012099598045392845e-01
0.000000000000000000e+00
1.351855205258025716e-01
0.000000000000000000e+00
-1.094654492469857576e-01
0.000000000000000000e+00
-2.287320253684501647e-01
0.000000000000000000e+00
-6.592391319955872575e-01
8.911489192568453621e-01
-1.899204026616587715e-01
3.233918619924833759e-01
0.000000000000000000e+00
-3.773466315601010646e-01
4.112149979619450502e-01
5.862471617634483767e-01
5.718000871350623626e-01
4.468562161964813040e-01
-4.728312445712501422e-01
7.217590318008202388e-01
-6.541420109923490323e-02
0.000000000000000000e+00
7.873040535616149249e-02
-5.077106277355416530e-01
1.418038516793234116e-01
9.459753626897711154e-01
-4.508177257397387727e-01
0.000000000000000000e+00
0.000000000000000000e+00
1.467695179427863650e-01
8.808252401593108516e-04
8.252435538391447167e-01
0.000000000000000000e+00
5.713629773272930201e-01
0.000000000000000000e+00
-4.677609462577774213e-01
-7.713887108513786117e-01
1.000000000000000000e+00
7.650359091768774711e-01
4.214808101208933344e-01
-3.747038073637594113e-01
3.847880717121032745e-02
0.000000000000000000e+00
1.000000000000000000e+00
0.000000000000000000e+00
-4.278762505961553053e-02
0.000000000000000000e+00
0.000000000000000000e+00
7.401086513720946947e-01
5.666346551822991628e-01
0.000000000000000000e+00
3.886814313910154084e-01
3.160187972067651785e-02
0.000000000000000000e+00
5.278276455146211354e-01
1.000000000000000000e+00
4.810617807170001203e-01
-5.805049652855625020e-01
3.072843188560248073e-02
0.000000000000000000e+00
6.495412480885689455e-01
2.710276158179087957e-01
-2.276510345476512320e-02
5.856792297652524404e-01
-8.832911517787953581e-01
-6.636293474206063081e-01
1.472867890771405452e-01
0.000000000000000000e+00
7.738847804997837088e-01
0.000000000000000000e+00
-6.806825399168328072e-01
9.535616861811413436e-02
-7.716686084333446161e-02
0.000000000000000000e+00
8.386210971689156413e-01
-6.996075806428945221e-01
9.447921094717817159e-01
9.894281857539624081e-01
7.803831727785282002e-01
0.000000000000000000e+00
0.000000000000000000e+00
0.000000000000000000e+00
0.000000000000000000e+00
-1.170179395988113491e-01
9.463333476399782285e-01
0.000000000000000000e+00
3.170583666291935110e-01
7.878874724809343810e-01
8.831846628575148461e-01
0.000000000000000000e+00
-2.932140601218833353e-01
-1.387044417141527486e-01
0.000000000000000000e+00
0.000000000000000000e+00
-9.407425191928859842e-01
-7.738818476730748852e-01
8.887701846007580730e-01
3.146732563439922359e-01
2.394216680130287767e-01
8.965876972435535830e-01
-5.295846919016420351e-01
-5.118644046262614822e-01
0.000000000000000000e+00
0.000000000000000000e+00
-2.358019377066848943e-01
2.473605084728043302e-01
0.000000000000000000e+00
0.000000000000000000e+00
3.768530378322152430e-01
0.000000000000000000e+00
-3.917192084662886042e-01
1.760075191798120553e-01
-1.109953742057545600e-01
0.000000000000000000e+00
-5.344609123054342437e-01
0.000000000000000000e+00
-3.390599086716907795e-01
1.000000000000000000e+00
9.225977787846832978e-01
6.274946978275957044e-01
-5.697673420298221547e-01
0.000000000000000000e+00
0.000000000000000000e+00
0.000000000000000000e+00
9.259537092640799383e-01
-3.407750727051892525e-01
0.000000000000000000e+00
-5.507222827681388377e-01
7.941626640912839985e-01
-7.433464168078938172e-01
0.000000000000000000e+00
0.000000000000000000e+00
-1.870210658029720641e-01
-7.140042502496344312e-01
3.051830009836984381e-01
0.000000000000000000e+00
-7.204443916977503193e-01
8.748757955306658562e-01
5.263706684839473127e-01
4.531196402842743165e-01
-9.492727750803466868e-01
-1.711829677619889356e-01
0.000000000000000000e+00
6.791478092713782999e-01
-4.762987729899812450e-01
0.000000000000000000e+00
6.266592606637675367e-01
-5.033008410717185743e-01
4.179665798528160447e-01
0.000000000000000000e+00
0.000000000000000000e+00
-9.124343197467386091e-01
-5.211638107842286871e-01
0.000000000000000000e+00
-1.522520074752029551e-01
7.527126031180242371e-01
-3.992715513630336055e-01
-9.723395745426801628e-01
9.833234790720219998e-01
2.492456275178345226e-01
-4.552987666257939381e-01
4.696905351206115409e-01
0.000000000000000000e+00
7.339720246469965126e-01
6.677175869679179421e-01
0.000000000000000000e+00
-5.036727950925639075e-01
6.674598567357461487e-01
4.298023107515804853e-01
2.662083929397374149e-03
-2.380132659240499216e-01
