-3.374444249077792612e-01
-1.184358096762028190e-01
2.158036439384636296e-02
8.799880537979867245e-01
-6.167300330691838361e-02
8.793438512224347470e-01
7.343859843140794208e-01
1.604916577442891956e-01
8.891812812044845860e-01
-5.659331974520749320e-01
6.077208693848721310e-01
1.528062579753837191e-01
-2.819841705697627710e-01
-7.107160860665087121e-01
-1.161343245578547734e-01
8.605227758210245437e-01
-7.947592925930191399e-02
1.526348478943178044e-01
1.398392679811522044e-02
5.084696540674829013e-01
-4.518949229939372980e-01
-5.722305559142657483e-01
3.273161078524926548e-01
8.641745562854585838e-01
1.177851845361530536e-01
-4.419512540681649337e-01
8.609380614987567348e-01
-5.483713690876541591e-01
9.826631042611853051e-01
9.703158679364958239e-01
-3.956762394575332742e-01
1.802858662597863759e-01
5.561822802842866231e-01
5.562404579271640337e-02
6.601084872734508391e-01
6.150288818575360139e-01
-7.813194166904751103e-01
-2.809607679583467910e-01
-7.507403902543563490e-01
2.147023918161836686e-01
-9.121251034781672207e-01
-1.949260259495417813e-01
4.314131629742248286e-01
1.329918074460594291e-01
-9.323448222944286101e-01
-5.901705276280837520e-01
1.037651049670813563e-01
-7.900176162721430639e-01
-5.617526906889267480e-01
9.671184109245198890e-01
1.504383072504464902e-01
-7.729626053576517108e-01
-5.421112062244766161e-01
7.354311332943441748e-02
-9.990214523529370449e-01
-7.904937536061509284e-01
1.219625207728916028e-01
7.486224337586644406e-01
-8.872178461753612577e-01
-5.675972717848889459e-01
-3.269054775075082020e-01
-5.719950144268863834e-01
4.334052213618346805e-01
6.987002375386006658e-01
-6.114702548569976859e-01
2.122179886350443745e-01
-7.818437141572835980e-01
1.670831616596131219e-01
3.635780792946521345e-01
4.854907426837373752e-01
5.253933334117251164e-01
-2.955997955074907146e-02
-3.772328980734895865e-02
8.843338131358575716e-01
-7.283509418768867594e-01
-7.477960186001046949e-01
-6.429519299685921840e-01
2.819958294022586465e-01
-2.059683292818497158e-01
7.392574074456652600e-01
5.772235341047078361e-01
-2.862059096681395243e-01
-5.495086039134329248e-01
8.344212345770101180e-01
-1.728005052348551285e-01
-4.630798569871119597e-01
-8.482134452676404202e-02
6.861027002919928286e-02
8.392550712316659833e-01
-3.044542119468229835e-02
1.320285974449155741e-01
2.649991035405256934e-01
-4.709394246328606481e-01
-1.856921043747783440e-01
-9.608109073840975789e-01
-2.606987193299286076e-01
1.006468131948616840e-01
-3.104042900965129359e-01
-4.745216861793106755e-01
-9.128075692541497421e-01
-7.079381399244430995e-01
3.240776635987694387e-01
-9.337496158339104735e-01
-9.619086911168373000e-01
-9.451591492260635885e-01
9.073262273182880477e-01
3.972714188565971138e-01
2.675811623506105796e-01
-8.387972911975212220e-01
5.546818464641616320e-01
4.245679527185943769e-01
6.368785333619868538e-01
2.957390526271861386e-01
-8.412273369627709663e-02
1.374994462477550083e-01
-1.368891005493073632e-01
-5.301208237299550596e-01
-8.472190361753759724e-01
1.449790206166998718e-01
3.146298550235187008e-01
3.131274972633522058e-01
3.975910723131070856e-01
-2.736003185662649884e-02
-4.476385430041052160e-01
4.906438087971103368e-01
1.064605482039986395e-01
2.780880801620244647e-01
-9.621564694497342085e-01
5.471212137284156007e-01
7.998074058244095674e-01
1.565619879800623782e-01
-2.908222810413141346e-02
7.023625388216314658e-01
5.638737003816221005e-01
2.085837964735448580e-02
-9.247083511836480252e-01
1.154472791446827795e-01
-5.531187418563918712e-01
-7.974961278036045709e-01
-1.406032851580629739e-02
-6.866935118742758526e-01
-2.684625307350474444e-03
2.921151863107198654e-01
-6.839146037505667852e-01
-6.479182220885351118e-01
-8.154803515433006744e-02
7.853485137690972007e-01
-6.455012637297838918e-01
-8.212998030031999352e-01
-2.674987835781179601e-01
-1.016186334538997649e-01
-6.512369138084594944e-02
-9.002808528255836773e-01
-7.302326492326929319e-01
-6.716486595352870737e-01
-5.720106543302025948e-01
-2.820323296895816956e-01
8.822548570030970261e-01
-3.226413637390006528e-01
1.280305356906330516e-01
1.568115736335831123e-01
8.203711248258864774e-01
-9.357194039370373417e-01
-6.202109933536430475e-01
5.019196145119588781e-01
9.151474398821011214e-01
8.397930722173818641e-01
1.832796307028115024e-01
2.832538165835867261e-01
2.528034609647884512e-01
-2.975905028473175840e-01
-9.788129413380697308e-02
-9.989341408387495402e-01
-4.424355820132430672e-02
-7.949110430203654154e-02
-4.974529612288549618e-01
-7.907765589722590693e-01
-6.675209000031379070e-02
-1.568203057065702399e-01
6.138066821424743580e-01
4.912994623490221091e-01
-2.344221096871847987e-01
4.352327021127870843e-01
-1.364104175141083175e-01
6.916836433953197361e-01
3.611402395633684925e-01
1.915613191140908000e-01
-4.640230246595817842e-01
2.377277319999444583e-01
1.229497396560845779e-01
-6.512933823441531267e-01
9.375266617213278142e-01
3.128709382151468876e-01
3.828363038828570541e-01
7.521851107504640144e-01
-8.851099034618441497e-01
8.285092660928921049e-01
5.958354953515054842e-01
-2.529071644378739769e-01
-5.488471284247540272e-01
9.122281682532284997e-01
6.067139889693107246e-01
-8.606649027762336424e-01
-9.183308746625065133e-01
3.663245915548352105e-01
-4.314926054595362714e-01
-5.512235170819514973e-01
7.754423787038315918e-01
1.144498376744824686e-01
-2.801719806546847380e-01
3.299510631742519351e-01
5.836902746291878774e-01
-4.759076999141038655e-01
6.815075773964873740e-02
7.693137360964816818e-01
-9.826223358155166121e-01
2.594565599204583517e-01
-7.418999516605928601e-01
9.623644808738129885e-01
4.508545513759627532e-01
-3.975400365169816652e-01
9.890914565177859608e-01
4.355260482794167665e-01
3.303196654413687039e-01
6.024511182754468397e-01
7.253912031121223514e-01
-3.449273900960223571e-01
-8.583331956666806484e-02
-9.154746042639159143e-01
-7.892323366105997717e-01
-6.762821254410875671e-01
-5.801336642779675312e-01
-2.009498583811832884e-01
7.984820126152640807e-01
-7.962578973083749290e-01
-2.327264858880782050e-01
-6.814734420411172611e-01
7.564258352540234043e-01
-5.729773183611128751e-01
-6.895362644323057566e-01
7.220535761522870466e-01
4.765816359195291785e-01
5.975336644226145744e-01
6.947625553555631939e-01
9.645030791412878557e-03
3.197106313981850079e-01
2.423345963024003957e-01
-4.729769698003349898e-01
4.521495451633594787e-01
2.105221422433545264e-01
5.392574507385883287e-02
9.511543275383282925e-02
-5.088901685058502267e-01
9.423266255652771317e-01
1.378005607052288362e-01
2.236384999570171228e-01
-9.693355929060845089e-01
2.191748791285235143e-01
-3.747771963019008723e-03
-7.627887438343061710e-01
-7.471060396434348050e-02
9.989650775844576280e-01
-3.624929742691611612e-01
3.054434622950050748e-01
8.024527708384481262e-01
