-5.179671407307486763e-01
9.185054954791083137e-01
-6.621928171922462081e-01
2.293828563231374851e-01
-9.366716943276662821e-01
-3.055358310293621038e-02
-8.979291124103194743e-01
-4.067399582675061964e-01
1.635978010594236753e-01
0.000000000000000000e+00
-8.326575562910936146e-01
0.000000000000000000e+00
5.652191940030681927e-01
1.965153816352198657e-01
-7.007758421632170887e-01
-7.185634741507340717e-01
-4.546743006098943329e-01
-5.480495650845123023e-01
6.403324257867548663e-01
-2.895947878051881030e-01
-3.295702644125024783e-01
-3.397473128280368293e-01
-9.984324380414824063e-01
2.223658326681960951e-01
-8.460297666381910719e-01
-2.429234520278824583e-01
0.000000000000000000e+00
0.000000000000000000e+00
1.089292402385262371e-01
4.856341172381448690e-01
7.869549717634916064e-01
1.379139287029418348e-02
0.000000000000000000e+00
-2.639174296946487086e-01
0.000000000000000000e+00
6.760281398345397985e-01
0.000000000000000000e+00
0.000000000000000000e+00
8.097503190671628825e-01
4.771202985871485502e-01
-9.746169256623038457e-01
0.000000000000000000e+00
1.000000000000000000e+00
9.281339523763765254e-01
-3.393970305389282238e-01
-1.497996908318557363e-01
-4.442086311361173045e-01
0.000000000000000000e+00
-6.478088177414311755e-01
1.977227319819279128e-01
3.310611713219109298e-01
-8.761291547188481132e-01
8.454699668961569436e-01
0.000000000000000000e+00
-4.562585152931382115e-01
0.000000000000000000e+00
-7.145555771371423504e-01
4.680413964220042633e-01
0.000000000000000000e+00
0.000000000000000000e+00
6.070025550088002930e-01
-5.603809322207899957e-01
8.308586068624845833e-01
0.000000000000000000e+00
0.000000000000000000e+00
0.000000000000000000e+00
-5.172556975228621567e-01
6.986005651164541863e-01
3.320474726103883611e-02
5.865897484352928792e-01
2.665091494300899644e-01
0.000000000000000000e+00
5.443338125904202407e-01
0.000000000000000000e+00
-3.866912315416592971e-01
-1.153974519688794054e-02
-6.772487614016438062e-01
-4.663254429488721264e-01
0.000000000000000000e+00
-9.715245131046246208e-02
0.000000000000000000e+00
0.000000000000000000e+00
9.526920371416982558e-01
0.000000000000000000e+00
-6.448862840521651929e-01
-6.643641603753509539e-01
-8.691234633013371624e-01
0.000000000000000000e+00
0.000000000000000000e+00
-3.555489914066680690e-01
0.000000000000000000e+00
-6.841542000323530548e-01
1.000000000000000000e+00
0.000000000000000000e+00
-7.233983898161282511e-01
-4.494536430433568874e-01
-4.095420532976796757e-01
0.000000000000000000e+00
0.000000000000000000e+00
-1.903532008527593078e-01
-7.814148201312398623e-01
0.000000000000000000e+00
0.000000000000000000e+00
1.179991335617240900e-01
-9.988237192160205336e-01
-8.989496884727263826e-01
0.000000000000000000e+00
4.268790370579467197e-01
6.381370096207734655e-01
-8.765342302985810186e-01
8.982698244984812508e-01
-8.608462513312531428e-01
-8.556626128302877721e-01
9.214351546799721682e-01
7.296291865956772149e-02
0.000000000000000000e+00
9.304898061198008108e-02
3.134657026869920315e-01
1.717589929352318912e-01
7.925768197803870763e-01
-3.151996050788135051e-01
-3.181686612330647534e-01
0.000000000000000000e+00
9.512222395819494025e-01
-2.315406914022031248e-01
-3.251465824281654093e-01
-8.752629487519816287e-01
-8.684174260148311841e-01
2.134036863800030659e-01
-7.629870129843121518e-01
-7.598757265279056927e-01
-3.458776144995165946e-01
-8.946208747348938228e-01
-3.366716345027667145e-01
7.977858951719696279e-02
-1.319337531554130027e-01
0.000000000000000000e+00
9.885118470655795964e-01
-3.213207105601985081e-01
6.366599693545760275e-01
3.298741927576480659e-01
0.000000000000000000e+00
-6.956972943167534229e-01
-1.066099779247995372e-01
-3.264459760429945234e-01
-3.997304492655451291e-02
3.052292086444785557e-01
-3.505715366126371801e-01
3.207038175602008323e-01
-7.489255503411196280e-02
2.388770063344625161e-01
1.087311766115355294e-01
0.000000000000000000e+00
2.387062068638201584e-01
-4.091446177756543623e-01
4.716357587792425754e-01
-2.577850049528505050e-01
-3.513534168298979576e-01
-1.839484998656060188e-01
-9.778333714858848946e-01
-3.490644827538487149e-01
-4.338197926062634657e-01
7.908615975243920015e-01
0.000000000000000000e+00
2.669293745572838272e-01
-8.054200735461312100e-01
-5.587484924318817381e-01
6.932866666501613651e-01
-5.593341652750656312e-01
-8.994837772373660556e-01
9.042594104668670862e-01
2.364991452459628274e-01
6.529717300674338087e-01
0.000000000000000000e+00
3.697129186906416010e-01
3.475413655570906979e-01
4.097380051199468465e-01
0.000000000000000000e+00
-5.280728721690697292e-02
0.000000000000000000e+00
-7.361070018709732210e-01
-4.411253123432017365e-01
0.000000000000000000e+00
0.000000000000000000e+00
8.980216369115641140e-01
-5.055236240992142527e-01
-1.709289351463694207e-01
0.000000000000000000e+00
0.000000000000000000e+00
6.226282699820513411e-01
1.489569337048000097e-01
2.506165675840543727e-01
-1.153509572823792073e-01
3.380923656237699859e-02
0.000000000000000000e+00
9.905819325089948446e-01
-9.812771752907836209e-01
-2.020627002915931225e-01
0.000000000000000000e+00
-2.807174774972749365e-01
3.939608183844249822e-01
2.228008416542215375e-01
2.500212868649041020e-01
1.777683792390627460e-02
0.000000000000000000e+00
-8.132814877466894021e-01
-3.864953353939799552e-01
0.000000000000000000e+00
-5.442994882527840694e-02
-7.639226302411896707e-01
-1.909316560425899922e-01
-7.984531163776824592e-01
-1.426629722288210722e-01
0.000000000000000000e+00
2.211564690786611553e-01
4.148453489507741843e-02
-8.301464811732921500e-01
-2.442079792492988233e-01
9.039198918440096708e-01
2.784968849550581993e-01
-7.991976155303357476e-01
0.000000000000000000e+00
-8.222125534659332491e-01
6.061731939957537563e-01
-3.491097409824761577e-02
-4.927869411475409578e-01
-1.040495011888362686e-01
-3.769065871575527638e-01
3.228840719926739933e-01
-9.914527013790825904e-01
3.722748867855105726e-01
2.526970512379840272e-01
-2.060451686325364129e-01
-2.191741618512244028e-01
-4.180104690604105055e-01
-4.715258774670716413e-02
0.000000000000000000e+00
0.000000000000000000e+00
5.103867086223916605e-01
6.298746955936020964e-01
-6.938216322559176419e-01
3.714421432757919472e-01
5.825358048577689019e-02
-6.065255695746480935e-01
5.202010320492886919e-01
-7.399846290023937012e-01
0.000000000000000000e+00
4.807158704372649360e-01
-6.032102753073780299e-01
-5.646645786258996935e-01
-9.144893406668843649e-01
0.000000000000000000e+00
6.759071426455640630e-01
4.638655798292170562e-01
-2.570164005646762284e-01
7.284648176452130919e-01
0.000000000000000000e+00
5.742028454172323215e-01
-6.357711190761412556e-01
5.085008744375565382e-01
0.000000000000000000e+00
0.000000000000000000e+00
1.764655702593780351e-01
1.905026495904214023e-01
0.000000000000000000e+00
