1.000000000000000000e+00
8.956549741186987657e-01
-8.868972645463826243e-01
0.000000000000000000e+00
6.709977562588991251e-01
4.719399781370465785e-01
3.394608028804417810e-01
-3.837270848217115837e-01
0.000000000000000000e+00
0.000000000000000000e+00
0.000000000000000000e+00
-6.832342594903888511e-01
-1.386607194174627189e-01
-2.129363595892572736e-01
4.460241624749317069e-01
0.000000000000000000e+00
0.000000000000000000e+00
8.835409485864165191e-02
0.000000000000000000e+00
-4.635185167013438079e-01
-9.281513412142847752e-01
-9.451102858183619837e-01
-7.021227580537581225e-02
-3.630697442926451579e-01
-2.399701561985767562e-01
0.000000000000000000e+00
5.150553829205661849e-02
1.000000000000000000e+00
0.000000000000000000e+00
-9.522838417184356086e-01
-3.497141424776799568e-01
-7.266052140270666815e-01
2.044769167440230184e-02
0.000000000000000000e+00
3.489593946917401990e-01
-6.363130063537112413e-01
7.871430731659769808e-01
5.935198428432790774e-01
4.688033837879554966e-01
0.000000000000000000e+00
0.000000000000000000e+00
5.794952749235264822e-01
1.000000000000000000e+00
9.619531461442532017e-01
1.000000000000000000e+00
1.000000000000000000e+00
5.080081433037442196e-01
4.303017964749069613e-01
-7.718660451604475448e-02
0.000000000000000000e+00
-1.997215629961734962e-02
8.496641441891406021e-01
0.000000000000000000e+00
6.630489795836245204e-01
0.000000000000000000e+00
7.657018371625061715e-01
7.994011775132514597e-01
0.000000000000000000e+00
1.354101408404886353e-01
8.406608783838576127e-01
0.000000000000000000e+00
-2.678289027682989598e-02
0.000000000000000000e+00
1.000000000000000000e+00
0.000000000000000000e+00
-6.678606290117476973e-01
8.158809932521891017e-01
0.000000000000000000e+00
0.000000000000000000e+00
0.000000000000000000e+00
9.147234231123160253e-01
0.000000000000000000e+00
8.497633966635165237e-03
3.549551229710412592e-02
3.028287979335815283e-01
0.000000000000000000e+00
0.000000000000000000e+00
0.000000000000000000e+00
2.378331671056499452e-02
8.683087182675572890e-01
2.465301734517446608e-01
0.000000000000000000e+00
6.407999894240337113e-01
0.000000000000000000e+00
0.000000000000000000e+00
0.000000000000000000e+00
0.000000000000000000e+00
-8.824822072026885511e-01
3.058198548690993501e-01
-4.538005353257013041e-01
-5.467669415104738917e-01
0.000000000000000000e+00
-7.874680347089502153e-01
0.000000000000000000e+00
7.078860143697440765e-01
-5.103360440619661986e-01
-5.790421226087070217e-01
7.611635187325598295e-01
0.000000000000000000e+00
0.000000000000000000e+00
-9.362538597465097645e-01
-2.752861773935186829e-01
-6.562380157485352417e-01
3.455308828270835519e-01
-8.341936451908489314e-01
0.000000000000000000e+00
-9.493105703461979239e-01
4.588470148836081286e-01
-9.577102605536986779e-01
1.000000000000000000e+00
6.267087748045516715e-01
0.000000000000000000e+00
-6.325223814980476256e-01
0.000000000000000000e+00
1.000000000000000000e+00
0.000000000000000000e+00
9.800030924056022386e-01
0.000000000000000000e+00
-9.274620115131719800e-01
0.000000000000000000e+00
2.304789666497151224e-01
0.000000000000000000e+00
-7.737701939638461646e-01
1.000000000000000000e+00
-9.383782847466228816e-01
0.000000000000000000e+00
0.000000000000000000e+00
4.798933274414010075e-01
0.000000000000000000e+00
5.113243073501285707e-01
0.000000000000000000e+00
4.106902801015310800e-01
0.000000000000000000e+00
0.000000000000000000e+00
3.216569973140277483e-01
-3.673881465434816196e-01
-7.959017899006035623e-01
-1.043562771616977081e-01
7.495260826959346812e-01
1.000000000000000000e+00
1.699113962212148721e-01
0.000000000000000000e+00
0.000000000000000000e+00
0.000000000000000000e+00
9.194623729743216511e-01
-4.818071534955890023e-01
2.121558781070054245e-01
0.000000000000000000e+00
-9.639335617501467723e-01
1.159002476781598734e-01
-7.188612420773314859e-01
-8.864380083536071986e-01
0.000000000000000000e+00
0.000000000000000000e+00
0.000000000000000000e+00
2.701513950773337669e-01
0.000000000000000000e+00
9.669321880950554338e-01
0.000000000000000000e+00
9.890504665190062994e-01
-5.350523186643798557e-01
0.000000000000000000e+00
-4.984384763176856747e-01
1.824746910959960111e-01
2.483281015095646360e-01
0.000000000000000000e+00
4.189966076586992827e-01
-4.867814230239300155e-01
0.000000000000000000e+00
5.237988756116918054e-02
-9.903504378927432406e-01
-9.290011765844707892e-01
-1.825471645558514044e-01
-7.776500655400480078e-01
4.475393457386098728e-01
0.000000000000000000e+00
0.000000000000000000e+00
0.000000000000000000e+00
-5.369491412457183532e-01
-5.652927305632815536e-01
4.147272809579494179e-02
-7.119377771231949481e-02
0.000000000000000000e+00
2.835175153613493926e-01
-5.751005160110205239e-01
8.131253534633648972e-01
1.000000000000000000e+00
4.578620911550486117e-01
0.000000000000000000e+00
2.300268443409536623e-02
0.000000000000000000e+00
-8.975305127883399514e-01
-1.639672230350872617e-01
5.012906463952360170e-02
-6.375498783496569288e-01
1.000000000000000000e+00
6.053104174107721835e-01
-2.676320669132041807e-01
3.841938019797108694e-02
8.429006951837385575e-01
1.000000000000000000e+00
-4.208384649396734734e-01
0.000000000000000000e+00
-2.555465801317318153e-01
-9.618897903807908101e-01
3.706213446297390579e-01
0.000000000000000000e+00
-3.881552785874702316e-01
6.812233742376816448e-01
0.000000000000000000e+00
-9.685558555713236206e-01
-9.715308159603530669e-02
-1.786512488529861109e-01
-2.827411199599771940e-02
0.000000000000000000e+00
1.774901243084165969e-01
0.000000000000000000e+00
-4.312812980392282114e-01
0.000000000000000000e+00
8.705408680970221358e-01
-8.469035592799594170e-01
5.099682284957973710e-01
0.000000000000000000e+00
1.431054826586617423e-01
-2.164380592715045015e-01
-7.355123550198516824e-02
0.000000000000000000e+00
0.000000000000000000e+00
-7.565410397326608472e-01
0.000000000000000000e+00
-8.389785644927403307e-01
7.001417478096958469e-01
2.819831876621301525e-01
9.193371267916243816e-01
0.000000000000000000e+00
0.000000000000000000e+00
3.183193276878368838e-01
5.544238692995973050e-01
4.470365599662593503e-01
-4.100959140765025879e-03
-2.848307645380563358e-01
-8.592857209643001148e-02
5.974441673593595681e-01
-4.621150123446948754e-01
5.260748961260031109e-02
0.000000000000000000e+00
9.093936939226616722e-01
0.000000000000000000e+00
8.641077204364768782e-01
6.720111471447880458e-01
0.000000000000000000e+00
-5.367452776968550943e-01
-2.242105310327313639e-02
-4.811893172776535721e-01
-1.446923360881429144e-01
0.000000000000000000e+00
8.371604544566704220e-01
1.718011606902014599e-01
0.000000000000000000e+00
-8.081053782826683740e-01
-2.878855440596583826e-01
9.954960427472614448e-01
0.000000000000000000e+00
0.000000000000000000e+00
0.000000000000000000e+00
