-2.584236020602836970e-01
0.000000000000000000e+00
8.713539131851033570e-01
-7.974624392571814102e-01
-6.782894478094576574e-01
4.934755393518603928e-01
-3.621585537589486758e-01
7.219835647750261209e-01
6.927484405599060313e-01
0.000000000000000000e+00
2.684687918831463183e-01
-2.395115481175751349e-01
4.969459152813813230e-01
9.439434850603387606e-01
2.510371327124267804e-01
-2.619418807723898901e-01
8.340464275163086416e-01
-9.888921344798760060e-01
0.000000000000000000e+00
9.040951999997757227e-01
-5.443420110519228139e-01
0.000000000000000000e+00
-7.848052490482031462e-01
0.000000000000000000e+00
8.865585217968046106e-01
-8.261768251242342931e-01
-6.233050213009312390e-01
-6.886956394055312458e-01
-6.890196018806462597e-01
-5.512042297237609301e-01
9.133937657015376299e-01
2.180940595795863857e-01
2.428653094028843107e-02
6.108142989058273908e-01
3.164200277780386816e-01
9.497346640651742611e-01
-3.206387037986719868e-01
6.259087477555547174e-02
0.000000000000000000e+00
0.000000000000000000e+00
0.000000000000000000e+00
-2.416795579559900542e-01
-9.282124684540571380e-02
-2.022295625441685729e-01
-7.624273081686230302e-01
-2.963467177201741798e-01
4.129723320713438728e-01
0.000000000000000000e+00
0.000000000000000000e+00
-8.827901305992642556e-01
1.717844639373189430e-01
3.022000119819361341e-01
2.395720557079521473e-01
-4.824485546550243420e-01
-8.779737181956561720e-01
5.423921030542433463e-02
-4.928760818620558926e-01
6.503713230081873409e-01
0.000000000000000000e+00
-8.681777438454281182e-01
5.256134867004469413e-01
0.000000000000000000e+00
-1.407700638316444763e-01
-8.364234474698228894e-02
7.272196644004385035e-01
0.000000000000000000e+00
8.838941623296041605e-01
0.000000000000000000e+00
-1.333405020220617132e-01
9.502381752860915576e-01
6.024651191026211272e-01
3.671485519576782597e-01
6.840004264995602767e-02
4.311233254614841304e-01
1.527244256563207170e-01
5.802121909940411992e-01
-5.269539444048660926e-01
-1.532041323746193839e-01
0.000000000000000000e+00
-9.979758070789614965e-01
0.000000000000000000e+00
2.138452602916245393e-01
0.000000000000000000e+00
0.000000000000000000e+00
4.550671549547469219e-01
5.288448213633336614e-01
0.000000000000000000e+00
-3.910612955422476666e-01
3.158420018594327860e-01
-4.869896970101410538e-01
6.749247508622135960e-02
6.269096040464947617e-01
0.000000000000000000e+00
7.260025706625006237e-01
6.485901485114484721e-01
-7.633234057993387722e-02
-2.166645737548964501e-01
-4.464466002849094561e-01
0.000000000000000000e+00
-8.287727443217023371e-01
6.612847321146908541e-01
-5.105889189874899259e-01
-8.488800305719497175e-01
0.000000000000000000e+00
-3.025986519972598821e-01
-3.367476207153061729e-01
2.369184352360869106e-01
-3.251997662309487058e-01
-5.651099660918805778e-01
-4.841551768563245872e-02
1.561363640484869642e-02
2.717045020047659243e-02
-2.368757655902999915e-01
9.273069051504512217e-02
9.663132085891015244e-01
0.000000000000000000e+00
4.062684224208834571e-01
-1.372040360948805215e-01
0.000000000000000000e+00
-2.076536250620049096e-01
6.026430089294081416e-01
9.815684826350019598e-01
0.000000000000000000e+00
4.906817154244862422e-01
-8.976472895917826378e-01
3.709032333616599786e-01
3.856401596381973107e-01
-6.837439701712744178e-01
5.407668758594228464e-01
6.429403965567872525e-01
0.000000000000000000e+00
0.000000000000000000e+00
-6.374050290045887301e-01
-5.955054436551119323e-01
-9.743514783016657965e-01
5.514823148175862499e-03
9.590918542878439368e-01
-2.592649989908972774e-01
4.666078643249327307e-02
-7.377942572324578396e-01
5.372548479333361104e-01
-2.897460784171626003e-01
-4.287591258533376415e-01
6.284519338982414993e-01
3.912225964583884164e-01
1.492273641561010500e-01
4.299440100076858950e-01
-7.294657517818821102e-01
5.278276455146211354e-01
8.665806216661193773e-01
4.810617807170001203e-01
0.000000000000000000e+00
3.072843188560248073e-02
-2.744192534966725106e-01
0.000000000000000000e+00
2.710276158179087957e-01
-2.276510345476512320e-02
5.856792297652524404e-01
-8.832911517787953581e-01
-6.636293474206063081e-01
1.472867890771405452e-01
8.066230695843110698e-01
7.676233625009785122e-01
0.000000000000000000e+00
5.912721390404378496e-01
-3.141485776980499356e-01
0.000000000000000000e+00
-4.677406901414622453e-01
-3.883066923480675836e-01
2.908344971281437985e-01
3.196114268938459180e-01
0.000000000000000000e+00
-8.509376719208039397e-01
2.636308036178536263e-01
0.000000000000000000e+00
5.630584288325621856e-01
0.000000000000000000e+00
0.000000000000000000e+00
-5.180152161775017916e-01
-1.627096795574187738e-01
-3.097971804383929939e-01
0.000000000000000000e+00
4.112501577782061712e-01
-2.810507044822772027e-01
-3.056197183497084691e-01
0.000000000000000000e+00
-8.510284495897750823e-01
6.293181700435581671e-01
-7.431705522457514590e-01
-1.303404190855410594e-01
1.813910583041131730e-01
-5.185900346107774617e-01
2.238762348617515663e-01
7.994547725898171198e-01
-1.476633678103689284e-02
3.272722195164543546e-01
-5.645004641105304533e-01
0.000000000000000000e+00
1.845736053587330172e-01
-3.808251480734050620e-01
-7.740153721677955900e-02
7.139912104085088806e-02
-8.036013900979237512e-01
-2.450622215958768724e-01
-1.246046210121143361e-01
-4.420136681354900343e-01
0.000000000000000000e+00
8.206099901747514469e-01
7.948516187348646511e-01
-8.539247243665339937e-01
-1.797314876026658848e-01
-3.099235494627992082e-01
8.011427101627794922e-01
0.000000000000000000e+00
2.748166571122823143e-02
-7.219638951205344934e-01
-5.376828755487175204e-01
9.437596924825535361e-01
5.014366875118947409e-01
-6.099740806639681878e-01
0.000000000000000000e+00
9.357482431948900281e-01
0.000000000000000000e+00
6.056806671204773007e-01
0.000000000000000000e+00
-4.788477420303194343e-02
-9.554066238819780565e-01
1.713137845996144382e-01
9.534780791966912528e-01
0.000000000000000000e+00
6.253268713575428350e-01
7.401985760116223112e-01
-2.572598633052556316e-01
9.489506619766943096e-01
1.187463704826980937e-01
-5.440895313605380590e-01
2.737550306769223063e-01
5.462363417724767078e-01
-6.704177723377888753e-01
4.880137614499551191e-01
0.000000000000000000e+00
-1.608689878287870023e-01
0.000000000000000000e+00
5.346145889357778458e-02
0.000000000000000000e+00
9.042474981107995191e-03
-7.675044589010209251e-01
5.476030915942931010e-02
0.000000000000000000e+00
1.209998911445742120e-01
8.378522203098823784e-01
0.000000000000000000e+00
0.000000000000000000e+00
-7.457339278772114888e-01
4.903667098584794104e-01
-3.321580099938514774e-01
0.000000000000000000e+00
-3.220639848993731569e-01
9.176227237417950988e-01
8.708151556214283051e-01
0.000000000000000000e+00
0.000000000000000000e+00
7.482784621151750137e-01
0.000000000000000000e+00
0.000000000000000000e+00
