-2.546890493722226978e-01
-4.155977322024553278e-01
7.936023402261083159e-01
2.043790547370059052e-01
-9.637349429331056871e-01
-3.358331565218686254e-01
9.920259047665642704e-01
-4.102195921093387820e-01
3.783997643006677958e-01
-6.840940758252551657e-01
2.814629820630580870e-01
1.075185132292766355e-03
-9.027615983211096928e-01
9.908237578142740087e-01
-5.793753659824141256e-01
-1.915953820352234160e-02
-4.725309071827186180e-01
3.728102680990901252e-01
-5.694832278737300690e-01
-7.953525706789705829e-01
7.185153775406210030e-01
9.713449222728742782e-01
-5.857303930001762637e-01
7.893189994455001024e-01
-8.691489638313585342e-01
9.175419633869479341e-01
-7.664947114815425788e-01
-6.588662782480194657e-01
4.537150619263630169e-01
1.074525115193805114e-01
-8.820664296498748058e-02
5.528596175431002013e-01
9.271373496138006765e-01
6.146118427543578733e-01
-5.806805942677544241e-01
6.720682143417000542e-01
9.272357831014717000e-01
5.061134841965919673e-01
2.554389118906104095e-01
9.938985882101529779e-01
-1.502711030020795757e-01
8.634982449634713841e-01
5.528197776650214390e-01
5.121629245265053587e-01
-8.458234910779860449e-02
-3.499243921489456621e-01
6.586468504090614573e-01
-3.253762480947119951e-01
-7.566457060447804306e-01
-5.664506075122295314e-01
4.626132463800438632e-01
-9.083523912739981387e-01
-8.377054467725537634e-01
3.810292081380304285e-01
-9.423887296222410725e-02
-8.485256639192717554e-01
-7.784726123259144703e-01
-9.236972129543663534e-02
6.483868738272129395e-01
-8.335203347256443518e-01
8.457920238454428308e-01
-9.956398212809216552e-01
9.138900952517805543e-01
-3.939631925090478770e-01
-1.567443507790007295e-01
-2.983838477437883441e-03
-1.952150478043435111e-01
-4.314858799899934372e-01
-6.456675042597592729e-02
-4.960047016537183495e-03
1.333893418168230482e-01
-2.296115307815349560e-01
-6.344057999500711809e-01
2.040349726454659951e-01
-9.352620416690093919e-01
-7.738098586666921630e-01
-3.263067881158618899e-01
5.231761705399362583e-02
-8.408878599405786858e-01
8.996793262685991444e-01
4.315214662695485703e-01
-3.684049235797659527e-02
1.373899940868197334e-01
-3.269594379563920405e-01
-9.530846029396180530e-01
8.016991857781317066e-01
1.540024550720953123e-02
8.020988055110109816e-01
-2.366542107718536680e-01
-5.883149508898988245e-01
3.245258241554818124e-01
9.641037254090993880e-01
-6.765614564622046689e-01
1.235359826622079993e-01
-9.082270291456187028e-01
1.645497986507697963e-01
-1.091018143193391854e-01
-2.687259314571397439e-01
8.195793316386017491e-01
-4.228313421177620768e-02
-1.568964054149655230e-01
5.738306461375159984e-01
8.544539342909882595e-01
-6.712924614744637530e-01
-7.121689859760258479e-01
9.566507374444406242e-01
4.029718805933504289e-01
5.356146204453178239e-01
9.550042185871503442e-01
9.004062949684261685e-01
1.842237059686446798e-01
-6.024441972765068876e-01
3.892825184580692710e-01
-2.197945322964198755e-01
-2.389968050771125174e-01
9.038741502128568861e-01
6.730191329891737073e-01
6.215723192429301047e-01
2.717967258787974405e-01
3.657192092504961689e-01
-9.270718306503049622e-01
-6.880671711600763185e-01
4.535020598277073045e-01
-3.247439582584228379e-01
4.461582676441868678e-01
-6.628785242535548683e-01
2.457186981066843412e-01
-7.498706822877696521e-01
-6.836705930894337868e-02
4.071917142122272182e-02
6.252945904165536639e-01
1.441629891912277195e-02
5.125778591295313547e-01
-2.961162656551126204e-01
6.074420687401276275e-01
-2.880254044413768089e-01
-2.692063811405724927e-01
-1.925038885513630227e-01
9.868893044910818091e-01
-9.763925083097733104e-01
2.188184441387985846e-01
9.735645212476011778e-01
6.748881717614374498e-01
-9.297820901446818276e-01
-1.994541210391380659e-01
-5.769367686978783549e-01
5.522059535732948277e-02
-4.473622387847371318e-01
5.831290854131079282e-01
-1.902932391599696516e-01
7.416177956377607572e-01
-6.229841354560838873e-01
-2.380322620714636628e-01
5.182542440011901341e-01
6.102992002622762424e-01
5.485618236504528067e-01
-2.997447080712789536e-01
-5.233176552938545445e-01
-1.345150598476998471e-01
-6.474333445033464418e-01
9.244401977626388600e-01
-6.898213832570647686e-01
1.158192230378765064e-01
-4.098509901891906893e-01
-9.801119472393211574e-01
-3.003727764049832771e-01
3.839351457678350510e-01
3.501013206811656175e-01
7.469270938737591070e-01
2.830610956060202188e-01
-8.919931205325972723e-01
-2.229441174578163931e-01
3.673391797388880775e-02
1.086186386836218709e-01
1.359072199049546903e-01
-2.416144855231701083e-01
-2.839074621325150538e-01
1.312356802785632492e-01
-8.496314874328643185e-01
5.565094590017660714e-02
-7.528054764258906850e-01
-6.898266286431573580e-01
4.968859613022413857e-01
8.026283534498666050e-01
8.923744908835173906e-01
5.147783300950559138e-02
9.134207043857844877e-01
9.175960804853178221e-01
9.373361100529742362e-01
-7.656325623712769701e-01
-6.553388769574255424e-01
-1.503288419016479693e-02
6.605525389438082762e-01
3.445904683286562520e-01
-1.853465918512495758e-01
2.735317262704091146e-01
9.671259546946202601e-01
3.561794243778271252e-02
2.210908510824993733e-01
-1.704528238075866398e-01
8.228627042072944597e-02
-8.359707615885489940e-01
9.649122543073334057e-01
-1.262982720886567378e-01
4.634922835489201365e-01
-6.021178229079593436e-01
-9.456225091773449165e-01
-4.452564695857430532e-01
-7.667954973612711722e-01
-8.484337360399298866e-01
-9.756909615267708169e-01
3.727034852489896632e-01
2.420807587273949846e-01
-4.375301043627275455e-01
-6.730725665209824626e-01
-1.900853873483310252e-02
3.313696130117316230e-02
7.772488833431621114e-01
3.558923051068099142e-01
4.127972101358916568e-01
-7.028464639097897759e-03
-3.050500383151029116e-01
-8.370918309478325714e-01
-7.702010700312398317e-01
2.780692169859277918e-02
-9.528530687049183712e-01
-2.887123872657315626e-01
-2.084147585303479655e-01
7.476899160960286395e-01
-4.741123923032681819e-01
-2.420474515862496290e-01
4.761257225044110974e-01
-9.360874436186581438e-01
-3.142469284960640596e-01
-1.882957075001359115e-01
-5.471161988891151129e-01
-7.786238362245492262e-01
-4.315303801470755651e-01
1.853620463709737543e-02
-3.424433930527253089e-01
6.191892585640170754e-01
-5.200727867876553390e-02
6.517433642442720387e-01
-6.083703583288628813e-01
-8.490153319516549058e-01
8.519997856250904888e-03
-8.448621710110681970e-01
-1.512036425878020562e-01
-5.689470054938206012e-02
-3.220888800956305253e-01
1.675580222547867759e-01
-4.178494100897014452e-01
-7.519252082460423647e-01
6.033787693551668774e-01
2.075574375430000451e-02
9.139416816815668643e-01
-1.276284405468475214e-02
7.121633803411082653e-01
5.550969601575361789e-01
5.085008744375565382e-01
3.068461548306293807e-01
9.252279811658616904e-01
1.764655702593780351e-01
1.905026495904214023e-01
-1.400740563520710413e-01
