8.092140722857568136e-01
-8.277859760159571589e-01
6.680861945513221212e-01
0.000000000000000000e+00
-6.453967064805443687e-01
3.234747645321507381e-01
0.000000000000000000e+00
4.193678509043980984e-01
7.424390236343159089e-02
-3.726381491226762321e-01
0.000000000000000000e+00
-5.244810331190532526e-01
-8.935317884060256510e-02
-1.878263286360410955e-01
0.000000000000000000e+00
0.000000000000000000e+00
-3.112454547439977848e-01
-2.126627561711829095e-01
1.265467869798471146e-01
0.000000000000000000e+00
-4.818541652977403889e-01
1.093748396722524774e-01
-3.243916120665770730e-01
-5.466761284550285538e-01
-7.203543757296817507e-01
9.196288307125670691e-01
8.646274019519137877e-01
6.616950622227082413e-01
-6.569068373462383370e-01
-6.979847700434420599e-01
0.000000000000000000e+00
-3.990748857873336330e-01
-1.475114753316868477e-01
0.000000000000000000e+00
-1.557515561361655365e-01
3.784711524245805148e-01
6.679376368648288764e-01
0.000000000000000000e+00
0.000000000000000000e+00
5.899003722822340201e-01
0.000000000000000000e+00
-3.725954763963692518e-01
-6.907255921604411597e-01
-4.632520101490493758e-01
-4.674792169060248970e-01
-4.861727421048962494e-01
0.000000000000000000e+00
0.000000000000000000e+00
6.264768884988980435e-01
-3.820448880942248771e-01
-1.673370376460781017e-01
-3.286820852635363721e-02
6.845720765936913477e-01
0.000000000000000000e+00
9.707957713832433555e-01
-6.536063007594898888e-01
6.109167251059146597e-01
-4.108083726397990798e-01
1.530986198904111806e-01
0.000000000000000000e+00
1.494657052876446901e-01
-3.562831351275907998e-01
-8.559698378548896702e-01
-9.842473677478924543e-01
0.000000000000000000e+00
7.729045090387289818e-01
-7.994161957286816111e-02
0.000000000000000000e+00
6.762540615886252215e-01
3.363393859102004058e-03
0.000000000000000000e+00
2.779210400342280174e-01
-6.847759341356187690e-01
-5.629198645050614846e-01
6.294912860707435609e-01
0.000000000000000000e+00
9.675157101609233035e-01
-1.332921217977645068e-01
9.434141294744855522e-01
7.781157820084536603e-01
1.521906837722752925e-02
7.842821599918352593e-01
0.000000000000000000e+00
-8.593203230509118828e-01
6.282087334354147234e-01
-7.171858436805886861e-01
3.082487124834853986e-02
4.738506879449575493e-01
3.586308387821137700e-01
-5.598450467244098228e-01
5.739167266023434966e-01
0.000000000000000000e+00
0.000000000000000000e+00
7.953760533260356702e-01
0.000000000000000000e+00
-3.948768789636907250e-01
9.944788986660726415e-01
4.537625223177814693e-01
5.830186489456472554e-01
0.000000000000000000e+00
8.699412822800325351e-01
1.480937746657009502e-01
6.488141749633926647e-01
3.788350462644585193e-03
-4.898722536668118632e-01
-4.436148910889019525e-01
-4.764288491269625947e-01
0.000000000000000000e+00
2.398851656765217388e-01
-1.994498593799514108e-01
8.206367152544158383e-01
0.000000000000000000e+00
5.660614295394172935e-01
-6.100858963386350808e-01
-3.522399077009243928e-01
-4.148560206214475521e-01
9.146186993333715876e-01
0.000000000000000000e+00
-6.508211291740462201e-02
-6.314894490407756411e-01
-9.046771346371809130e-01
-2.651789299006661604e-01
9.481399766161608955e-01
0.000000000000000000e+00
3.509060070283132049e-01
0.000000000000000000e+00
-9.048948329746011598e-01
-3.581547586433737607e-01
-1.642304263562488487e-01
-5.477194758732646385e-01
-2.340327398516581781e-01
0.000000000000000000e+00
0.000000000000000000e+00
3.886918723543595355e-01
-4.067787666032252059e-01
3.144451822833123078e-01
-6.526490336195036601e-01
5.786674477836926123e-01
-1.615297958521766386e-01
0.000000000000000000e+00
9.350956310578504294e-01
0.000000000000000000e+00
0.000000000000000000e+00
-2.677729842965355100e-01
9.517943066347895886e-01
3.041510368290600841e-01
5.171008041303772895e-01
-4.760833932947416969e-02
8.810217480349908925e-01
8.139399703383289886e-01
2.253319276589651476e-01
1.794330526860348218e-01
-7.937688404345690785e-01
-9.854093033523121381e-01
-5.891540196063689283e-01
-2.099104065895975868e-01
-8.916761603136791337e-02
-2.579621050991818265e-01
9.219169146725831876e-01
-7.597214462977097682e-02
-4.235680939389667721e-01
5.745258199099110286e-01
6.468985386385845970e-01
-2.450278764937017240e-01
5.750086238311633569e-01
3.874483861660662498e-01
3.318231118606682628e-01
-6.921770833637042042e-01
-4.898413234017160445e-01
-6.770404796476525711e-01
3.712303262970209072e-01
2.711249980603418486e-01
-1.161845154753446963e-01
1.273290720954873834e-01
4.082516718446991266e-01
-8.567836908783694749e-01
-5.895450228573950735e-01
-9.945261387055970292e-01
-4.420820111994863133e-01
-4.032488884921929806e-01
-2.550834957249441537e-01
9.204439610497996416e-01
-5.687529433716753680e-02
4.522246875472064609e-01
-4.209095805607894203e-01
8.190172384094385194e-02
4.064770667432207052e-01
-7.519576024309650997e-01
-4.031253711781861426e-01
-4.194828974552162748e-01
-7.706386358849481866e-01
2.017494692207533191e-01
1.445050077426659474e-01
3.623188682387481485e-01
-7.376468423072239933e-01
-5.202279361621544584e-01
1.399992650164880725e-01
-9.040805908010669523e-01
-4.915045129524528988e-01
-5.637191991169312466e-01
-8.061787886579505624e-01
-7.944645940813648277e-01
5.701560198039823391e-01
-4.553703360367999942e-01
4.136783853718568604e-01
6.171041110653958661e-01
-7.163986788588121435e-01
9.028350895911749774e-01
7.468633804184157121e-01
2.558345762339320206e-01
-2.695473379274953007e-01
-3.400236150146902503e-01
-1.348731775859259852e-01
6.376508985873337032e-01
8.919132203257538194e-01
-7.725174291674856697e-01
-8.712374984574715597e-01
2.015217947310308233e-01
5.144918576058101767e-01
-1.355171460043178566e-01
-2.474956996633381756e-02
-6.029884000403002986e-01
2.852613335015476981e-01
-3.510523087107888518e-01
8.420483064355424041e-01
-5.839260870163149875e-01
-9.951401162402584433e-01
8.352698152163426926e-01
9.582276239711151611e-02
-3.950776945751637292e-01
-1.951365197019305775e-02
2.625217165806410513e-01
-4.484432327524003892e-01
9.507688990618274882e-01
9.834390868057680812e-01
-5.776920609409437191e-01
-7.302278821298719969e-01
4.984928291382024756e-01
1.499526914944089295e-01
-6.695648144230672560e-01
6.945095830493297484e-03
2.486587588408495364e-01
-7.374702810835775946e-01
-4.774443181179448548e-01
-7.641105875876275100e-02
-7.413874039545376160e-01
1.680922436186842450e-01
-2.068793851976149512e-01
2.776618513843058800e-01
-2.793316815662576502e-01
4.377110581112726440e-01
-5.944281399298703139e-01
-4.264800490117619525e-01
-1.762127718191881520e-01
-1.644917008574435791e-01
-1.670440555040284547e-01
8.854923158064866850e-01
2.766733407629939911e-02
1.222474400044319953e-01
-7.433441506829505663e-01
6.284419481561864806e-02
5.218175231188715291e-01
4.057325026950795444e-01
9.139278798881946830e-01
1.928737622815093200e-01
