8.296270189108436721e-01
-7.467385805429143097e-01
-1.462190876957447649e-01
-8.038802839503289555e-02
-2.543926529169642237e-01
9.473847740612650892e-01
1.437130001590045669e-01
3.281099823191424569e-02
-1.200311042961326180e-01
-1.250641256683526770e-01
9.019949111540044306e-01
5.983180980160158757e-01
2.951280839134871048e-01
-6.752145365536184052e-01
1.890398411569542692e-01
-7.443275175584977976e-01
-2.980906196589498958e-01
-9.539344124300352945e-01
4.103546021456108139e-01
9.549134396157401561e-01
2.756755264429504582e-01
1.395496968955611816e-01
-4.991792443267444312e-01
-1.152378101641848840e-01
-7.114697712465423152e-02
-1.540219867919865315e-01
-4.611696634467827849e-01
-5.612690545139691345e-01
5.013471787044874173e-01
9.049131576927038623e-01
6.425207912126769116e-01
2.430817013344686028e-01
-9.441884096484423061e-01
-3.955054591407478615e-01
6.799907687918971266e-01
9.454335556928390449e-01
9.570228274575276473e-02
1.378389337910392864e-01
3.727511058831740609e-01
-5.057446291098137703e-01
8.788412672663388214e-01
9.135197938671686391e-01
-6.424994087618913774e-01
-3.426969248937687951e-01
-7.782130576910979425e-01
-1.255418509399830462e-01
2.729627120775335314e-01
-5.148523888585525565e-01
6.007635107546516195e-02
8.205510284672112853e-02
8.426273303688980310e-01
8.655491088681734890e-01
-2.345907794444344052e-01
-9.158301269894548735e-01
3.779485943826534911e-01
7.912782484656482040e-01
-2.881113544475089050e-01
2.017998538889229643e-01
7.125814165661996658e-01
-8.205414556815391336e-01
-3.293051514980867012e-01
-2.669529124110570084e-01
-6.981586233881367232e-01
-1.322981954364417234e-01
-3.611817611552639029e-01
-4.298272975435988297e-01
-6.935124136126755712e-01
2.929338713033460273e-01
6.179690051151103258e-01
-4.952762610267535948e-01
-6.731799073153106328e-01
5.729571953713370469e-01
7.542433317955883343e-01
8.477490144193384758e-01
-8.959335164098851667e-01
-2.097112793990434376e-01
-9.923467394509923878e-01
-1.669164718169549033e-01
-6.248649073833034695e-01
-6.740393817962695433e-01
3.357364544964855924e-01
-6.801842343363990739e-01
3.639444593771907766e-01
-6.964704000974697440e-01
-5.766538378491017358e-01
4.501877723914684548e-01
1.302416922442246605e-01
-5.062917294709641247e-01
3.399950584039206358e-01
8.069317042784271976e-01
-3.684409912698889400e-01
-8.287316455120241621e-01
-5.581650306361329861e-01
3.606189418458851659e-01
-1.709463917590654525e-01
4.976398520902149958e-01
8.632513013485134667e-01
-2.422759823680302738e-01
-2.100788947973719623e-01
-3.035507188677513124e-01
-8.107235786929323229e-01
5.868277679619113840e-01
8.557825544034316501e-01
-5.543124353554820249e-01
6.409801824687666461e-02
6.606997201958029198e-01
-7.215670133417131371e-01
-8.741721028968127971e-01
1.357979580376043049e-01
-7.826193823548230899e-01
2.753483075438507566e-01
1.892322554693146586e-01
7.773538503624197737e-01
-5.090577823330884044e-01
3.956279345103341782e-03
-6.442279996937514408e-01
-1.536694596486050113e-01
9.076201544162192381e-01
-7.129642939238056698e-02
1.865561930999326545e-01
-5.883729868368228200e-01
2.682679551858975220e-01
-8.739550439721230912e-01
-1.826447491393301537e-01
1.266804392856639705e-01
5.455133958968201302e-01
9.878059976700563904e-01
-9.124593248760339836e-01
-2.197766311868680766e-01
9.737042124504242668e-01
6.306420430097816610e-01
3.233506467012081664e-02
1.081463234717205957e-02
9.060969843448256622e-01
3.632699621770580922e-01
-7.598132506080068627e-01
-5.423964776645775476e-01
7.934540247597288154e-01
5.941546519015670214e-01
-9.075574564179229586e-01
6.601725728819698436e-01
4.953850265915373807e-01
7.110902968687284886e-01
-1.284403651575656280e-01
-9.919560753052965030e-01
-9.788254332023962334e-01
-3.763356313567434164e-02
8.908927937537201025e-01
9.012882762122200742e-01
-8.174314696597178020e-01
5.897476504655654317e-01
5.680971895861708365e-01
7.469250357299164200e-01
-5.315196222607996290e-01
6.803499900449594406e-03
-8.235408978907901023e-01
-1.668786466393286094e-01
-6.353452920926301317e-01
-4.615978236413793567e-01
-9.584523364312234062e-01
-3.650797866608153086e-01
-9.565998878736696742e-01
-8.307843718657312859e-01
4.097416294875477760e-01
2.911788482406940659e-02
-8.475814888457131602e-01
-5.336727770910627555e-01
3.271557319313345147e-01
5.676493722289832622e-01
-9.498566101160887953e-02
7.756850963385581998e-01
-2.387746314802536851e-01
-3.728186824507058184e-01
5.284288474830285409e-01
1.615000398759716127e-01
-4.937538805094596750e-01
-5.102856387129062199e-01
7.774687981558294769e-01
-5.787867614058979093e-01
5.120075533592929329e-01
-3.334086455705012053e-01
-5.382537184605089564e-01
2.874306388416427716e-01
-8.513557234600011014e-02
3.042775609659211788e-01
-1.149787816961558296e-01
5.909869117318788945e-01
9.375364669149988117e-01
8.243343968436047664e-01
6.226282699820513411e-01
1.489569337048000097e-01
2.506165675840543727e-01
-1.153509572823792073e-01
3.380923656237699859e-02
4.857090944878661443e-01
9.905819325089948446e-01
-9.812771752907836209e-01
-2.020627002915931225e-01
-8.121412983301099509e-01
-2.807174774972749365e-01
3.939608183844249822e-01
2.228008416542215375e-01
2.500212868649041020e-01
1.777683792390627460e-02
5.121648757049368506e-02
-8.132814877466894021e-01
-3.864953353939799552e-01
-6.261342395188995713e-01
-5.442994882527840694e-02
-7.639226302411896707e-01
-1.909316560425899922e-01
-7.984531163776824592e-01
-1.426629722288210722e-01
-2.945876677388008513e-01
2.211564690786611553e-01
4.148453489507741843e-02
-8.301464811732921500e-01
-2.442079792492988233e-01
9.039198918440096708e-01
2.784968849550581993e-01
-7.991976155303357476e-01
5.088954704214829761e-01
-8.222125534659332491e-01
6.061731939957537563e-01
-3.491097409824761577e-02
-4.927869411475409578e-01
-1.040495011888362686e-01
-3.769065871575527638e-01
3.228840719926739933e-01
-9.914527013790825904e-01
3.722748867855105726e-01
2.526970512379840272e-01
-2.060451686325364129e-01
-2.191741618512244028e-01
-4.180104690604105055e-01
-4.715258774670716413e-02
-2.911769186293027278e-01
8.182053496116512559e-01
5.103867086223916605e-01
6.298746955936020964e-01
-6.938216322559176419e-01
3.714421432757919472e-01
5.825358048577689019e-02
-6.065255695746480935e-01
5.202010320492886919e-01
-7.399846290023937012e-01
3.251370042247774261e-01
4.807158704372649360e-01
-6.032102753073780299e-01
-5.646645786258996935e-01
-9.144893406668843649e-01
-1.392679840285522275e-01
6.759071426455640630e-01
4.638655798292170562e-01
-2.570164005646762284e-01
7.284648176452130919e-01
7.506632090651790268e-01
5.742028454172323215e-01
-6.357711190761412556e-01
4.894276139118480806e-01
3.162621634825313333e-01
-6.014244172084957096e-01
4.563078960589048716e-01
-3.565782768853413831e-01
-8.661016151459783874e-01
