3.217621001927675195e-01
-4.047745735256425004e-01
0.000000000000000000e+00
0.000000000000000000e+00
-4.651910569123323125e-01
-2.800687765928544515e-01
-4.982558476627640953e-01
0.000000000000000000e+00
-1.889501489950240476e-01
-5.703855889784996691e-01
8.027276453873215534e-01
6.896871192530913408e-01
2.856182367791970655e-02
-7.022400117778000439e-01
-7.672542865393372491e-01
0.000000000000000000e+00
-1.925888410302500908e-02
-9.310737555478656446e-01
-7.662390975570114726e-01
0.000000000000000000e+00
5.308086119003496695e-01
-2.608325328547405064e-01
8.930732813950088556e-01
8.741813854666840022e-01
-6.656253356462578097e-01
3.390037505819047947e-01
2.162690836559622021e-02
5.833718499046036676e-02
-3.458118891970487496e-01
-8.886838377746351103e-01
0.000000000000000000e+00
-3.635305592008941655e-01
-6.059841163410260023e-01
7.243969361059727774e-01
1.560473201780712138e-01
1.023329205710261647e-01
4.402590915427515572e-01
5.393506098968776641e-01
4.053907552787185953e-01
-4.022513333548762837e-01
0.000000000000000000e+00
0.000000000000000000e+00
-1.744003602836736722e-01
0.000000000000000000e+00
-6.561442153903771501e-01
0.000000000000000000e+00
9.426964563919528750e-01
0.000000000000000000e+00
6.668889889474380883e-01
-6.552357243669435505e-01
3.664980828267982993e-01
4.638650071670860076e-01
4.227852714557067682e-01
0.000000000000000000e+00
3.119482806423183874e-01
-2.542323683847813598e-01
5.416947685058293160e-02
6.330672924895304199e-01
-3.369484438284009453e-01
7.406792571500639966e-01
-3.098962106884379786e-01
0.000000000000000000e+00
-8.264929851362783353e-01
-6.069916982811274231e-02
8.489228249787168501e-01
4.729329691024339866e-01
-6.604580036437186497e-01
2.596572710273639117e-01
8.244813023696422327e-01
-1.737610104496751795e-01
0.000000000000000000e+00
-9.123778853473734074e-01
8.437974966097276930e-01
3.379902378389656459e-01
-3.245644795085185219e-01
-7.357681030033758063e-03
0.000000000000000000e+00
-5.429314220877108355e-01
-2.592368242104410303e-01
-9.727652513314037908e-01
0.000000000000000000e+00
6.902793740941444156e-01
7.108845799560583600e-01
5.649007597383073342e-01
6.569941745160285951e-01
-5.055142874510691886e-01
-1.241696808045154032e-01
-1.957274750720294776e-01
-6.960643589811914556e-01
1.996229897516075269e-01
8.045356484899710559e-01
0.000000000000000000e+00
4.422603445807204992e-01
5.509317312557946433e-01
-9.529363480342474269e-01
-4.579335168849336668e-01
-3.774633319772742190e-01
6.206458345080827499e-01
6.019184672988353579e-01
9.386548868151158853e-01
6.740971745145252214e-02
-3.992823698861145409e-01
8.723100112344863710e-01
-4.057717405059291238e-01
-4.101354108558479261e-01
9.579380163096513634e-01
-1.606712057461332499e-01
-6.989540728976448847e-01
2.146410753356937651e-01
6.309233892610808248e-01
-3.112164215797712519e-01
7.755165423375145473e-01
6.544908440512586800e-01
7.021364438182053913e-01
-5.628685460148199482e-01
-7.301394850957911853e-01
-1.862604236190710250e-01
-6.331357901659995235e-02
-1.815576918591408351e-01
2.661280822286531400e-01
-9.539458352289043042e-02
-5.060615449497956053e-01
-2.573452306068888529e-01
5.988405009932391554e-01
5.112146893458824337e-02
-3.563625273336106236e-01
-2.884781981854156463e-02
6.669162802338772789e-01
-4.705455886062612780e-01
-3.692429734665858554e-01
-6.892393876600098057e-01
6.114329283221926481e-01
-8.489792384789838220e-01
-9.075468412526410678e-01
-8.685913490187791020e-01
1.915464679674914183e-01
-3.528789547298942786e-01
1.640837459706883106e-01
3.696249480201481141e-01
2.730799253571838392e-01
-7.732310846016989814e-01
8.866416410827859806e-01
9.429591933848611163e-01
-8.857661038999897762e-02
-4.815625023567764451e-01
9.064146778188790776e-01
2.639494461799634095e-01
8.183431778619449926e-01
-5.112126759120614317e-01
-4.890375502055377410e-02
-6.229037500989287324e-01
-1.983076092180733330e-01
-2.411394350344893134e-01
-5.491105293534654930e-01
-8.790020165142511388e-01
-6.924135917243834371e-02
2.362347777660160908e-01
-7.629731880489092344e-01
7.637556256533237775e-01
-5.001670000113185299e-01
-7.621027055063851474e-01
2.621520696773216308e-01
-9.761602715519661633e-01
-7.111387726465554504e-01
3.467240048334923053e-01
-8.072663127128176797e-03
5.636620138994652418e-01
8.648723371692756956e-02
-8.085497898101199343e-01
4.351477536568548743e-02
5.749586378741500248e-02
-6.323771732798044720e-01
9.637075284567777622e-01
1.933555749620505804e-01
-8.474789834452811643e-01
9.263258962353326798e-01
-4.585071406339473743e-01
9.873174117873184663e-02
-2.941671714351172806e-01
-3.723630585506598756e-01
-8.359779714654222982e-01
-9.868011827131657476e-01
2.476121659228087690e-01
-6.049874348737342977e-01
3.528206269668854311e-01
-8.190964851820492498e-02
6.013060981581188624e-01
-6.198921920591207169e-01
-2.907084846064480477e-01
6.275773546726459706e-02
4.667784989081669167e-02
4.105175501209858968e-01
3.081161156182941063e-01
7.970043912624413807e-02
4.040553192186653320e-01
-1.919780881408579276e-01
1.516502360896798685e-02
5.721106990236295431e-01
5.327727077340704831e-01
-4.921462457343517283e-01
3.179935517097793873e-01
5.985780771976405568e-01
-1.255795589036750037e-01
-9.605049504717695363e-01
2.167139412903444917e-01
-8.405788037407755375e-01
7.900747441821798223e-01
8.107247028417081669e-01
9.653280219869979639e-01
3.758352039428949354e-01
-4.948752035211825273e-01
-8.042150491262496370e-01
9.225977787846832978e-01
6.274946978275957044e-01
-5.697673420298221547e-01
-9.423892157043494144e-01
-6.116959049235302093e-01
3.868977994040820878e-01
9.259537092640799383e-01
-3.407750727051892525e-01
-9.115012362974905802e-01
-5.507222827681388377e-01
7.941626640912839985e-01
-7.433464168078938172e-01
-6.863914094952261458e-01
9.689513501294619857e-01
-1.870210658029720641e-01
-7.140042502496344312e-01
3.051830009836984381e-01
9.384763783671052906e-01
-7.204443916977503193e-01
8.748757955306658562e-01
5.263706684839473127e-01
4.531196402842743165e-01
-9.492727750803466868e-01
-1.711829677619889356e-01
5.109426982875309164e-01
6.791478092713782999e-01
-4.762987729899812450e-01
-8.285822185848930044e-01
6.266592606637675367e-01
-5.033008410717185743e-01
4.179665798528160447e-01
6.257282173173404072e-01
3.010631057410144695e-01
-9.124343197467386091e-01
-5.211638107842286871e-01
-6.154218752847975260e-01
-1.522520074752029551e-01
7.527126031180242371e-01
-3.992715513630336055e-01
-9.723395745426801628e-01
9.833234790720219998e-01
2.492456275178345226e-01
-4.552987666257939381e-01
4.696905351206115409e-01
-2.755915493682741246e-01
7.339720246469965126e-01
6.677175869679179421e-01
4.236789017593884932e-01
-5.036727950925639075e-01
6.674598567357461487e-01
4.298023107515804853e-01
2.662083929397374149e-03
-2.380132659240499216e-01
