-8.258840335818338207e-01
0.000000000000000000e+00
-8.213533615896089213e-01
0.000000000000000000e+00
-7.983459697603150218e-01
1.181378702925457436e-01
-4.729402248580132362e-01
1.860130262176682425e-01
2.563221932693957594e-01
-9.716647632634816123e-01
7.546060708918691518e-01
2.842701503701978716e-01
0.000000000000000000e+00
4.920245828515641406e-01
7.292960968856108117e-01
9.070190672284013100e-01
0.000000000000000000e+00
-3.083225289461895002e-01
1.527835355003461792e-01
0.000000000000000000e+00
1.176722361007622730e-01
-8.674154019892219569e-01
-7.885049458103483566e-01
9.967750946340114826e-01
-5.272385967053705436e-02
3.043770567216983469e-01
-6.507285823199906449e-01
-6.757938133563672345e-01
0.000000000000000000e+00
5.182178641502170890e-01
-9.356297986323180993e-01
0.000000000000000000e+00
-7.352006343601225069e-03
0.000000000000000000e+00
-8.631639869573273227e-01
-9.628371853493746801e-01
1.628095097170350058e-01
7.464584870815420548e-01
0.000000000000000000e+00
5.932254302447481642e-02
-7.632195597758628658e-02
5.471410338750353208e-01
7.195805127602759033e-01
0.000000000000000000e+00
-7.720264586447027622e-01
-1.934923623211592947e-02
0.000000000000000000e+00
3.269926365233488674e-02
-7.937485697864534728e-01
2.266623637889562115e-01
6.023579150393829629e-01
0.000000000000000000e+00
3.117615981772825506e-02
-3.040819628304998190e-01
-7.153948896442137162e-01
6.337289117356328383e-01
-9.196289071775327617e-01
-6.351982649838339157e-02
1.730089088535360364e-01
5.448585698077121897e-01
0.000000000000000000e+00
3.470154085108578812e-02
-5.811695005568993100e-01
0.000000000000000000e+00
0.000000000000000000e+00
-6.530309556943478810e-01
0.000000000000000000e+00
-8.437693979933991173e-01
-7.047749092090922485e-01
4.301139668856055476e-01
-3.916357317018819284e-01
-8.236633885002881961e-01
-7.382898825866208714e-01
3.751294759087420161e-02
8.389307917752208965e-02
8.716691980588273658e-01
6.967675600519676049e-01
-2.889190791814617576e-01
0.000000000000000000e+00
1.351037847845293349e-02
0.000000000000000000e+00
9.108570146500163389e-01
0.000000000000000000e+00
-6.072564333936014691e-01
0.000000000000000000e+00
0.000000000000000000e+00
0.000000000000000000e+00
-4.840143383431552149e-01
-1.519188179692143592e-01
2.258197761454083796e-01
0.000000000000000000e+00
-4.608636779951365003e-01
8.466720795336479810e-02
5.271765199158160442e-01
9.936691081826496408e-01
-4.266703376810982995e-01
2.993321299628570742e-02
-8.531649662936020562e-01
0.000000000000000000e+00
-9.059009559707109638e-02
-1.025584485508024279e-02
-9.073300816059142182e-01
2.542356681153452591e-01
-9.232610083725591998e-01
2.195323116988461276e-01
0.000000000000000000e+00
4.956851627921026182e-01
0.000000000000000000e+00
2.771724831117221566e-01
0.000000000000000000e+00
-1.269501097421914526e-01
9.199306961943103378e-01
8.933514370420099215e-01
-1.920611786327808268e-02
-1.876864872186478905e-01
-9.621479864672519700e-01
-1.362807024239152121e-01
7.894503426351222597e-01
1.685271736514677432e-01
0.000000000000000000e+00
1.332034155905172934e-01
0.000000000000000000e+00
3.058160191304781783e-02
0.000000000000000000e+00
1.136589901988771523e-02
6.852153789365755809e-01
-7.120881362792041980e-01
-8.696821908520613320e-02
-4.714450258321190024e-01
-9.436981218944184846e-02
-7.239720564963008087e-01
-8.348381298900580116e-01
5.377044192584488069e-01
4.877588437617972339e-01
1.443294247076092329e-01
-4.007260631971751863e-01
0.000000000000000000e+00
-1.121369222394428267e-01
9.007434137719885214e-01
-5.819575774815270996e-01
-3.283730498690338173e-01
9.735645212476011778e-01
6.748881717614374498e-01
-9.297820901446818276e-01
-1.994541210391380659e-01
-5.769367686978783549e-01
5.522059535732948277e-02
-4.473622387847371318e-01
0.000000000000000000e+00
-1.902932391599696516e-01
7.416177956377607572e-01
-6.229841354560838873e-01
-2.380322620714636628e-01
5.182542440011901341e-01
6.102992002622762424e-01
5.485618236504528067e-01
-2.997447080712789536e-01
-5.233176552938545445e-01
0.000000000000000000e+00
-6.474333445033464418e-01
9.244401977626388600e-01
-6.898213832570647686e-01
1.158192230378765064e-01
-4.098509901891906893e-01
-9.801119472393211574e-01
-3.003727764049832771e-01
3.839351457678350510e-01
3.501013206811656175e-01
7.469270938737591070e-01
2.830610956060202188e-01
-8.919931205325972723e-01
-2.229441174578163931e-01
3.673391797388880775e-02
1.086186386836218709e-01
1.359072199049546903e-01
-3.898383793017639043e-01
-3.832248220574876463e-01
-3.854760819251275006e-01
-5.972788920812353020e-01
-5.992275459732550047e-01
-9.098737892037462860e-01
9.590291773190280367e-01
0.000000000000000000e+00
3.331125456699961518e-01
8.996385148968286671e-01
6.103285462771697034e-01
3.207668403533399104e-01
-6.097939769835871715e-01
0.000000000000000000e+00
3.653401505685640593e-01
-5.086846672833136296e-01
8.085209111101765433e-01
-4.294965600364355485e-01
-8.715168286624286331e-01
-5.504416753189289579e-02
8.143070179275007092e-01
4.038993247755970906e-01
-4.799669138108684230e-01
0.000000000000000000e+00
0.000000000000000000e+00
8.748277657379655015e-01
-1.013728502168700363e-01
-2.595052282212595429e-02
0.000000000000000000e+00
3.484807195830184057e-01
7.803831651726533813e-01
-3.242063023488295226e-01
6.452319292427497466e-01
0.000000000000000000e+00
3.836143760650567724e-01
4.584085706883469502e-01
2.691428928650210217e-01
-6.521162357702952050e-01
9.320916481399648124e-01
-9.052647904358359643e-01
-5.822682391389293333e-01
0.000000000000000000e+00
3.481272222219180534e-01
-8.307104637926254753e-02
0.000000000000000000e+00
0.000000000000000000e+00
0.000000000000000000e+00
-9.771041947635792368e-01
0.000000000000000000e+00
6.251748487880215421e-01
-2.825065075250985380e-01
3.783809097744228467e-02
-4.144436975400129786e-01
-4.331799399753326618e-01
4.607313291814316702e-01
-9.978047095496069829e-01
1.127637170969428837e-01
8.839777393557943785e-01
-3.716600852424460921e-01
-2.118197998632442847e-02
2.891218381815867655e-01
-4.200617895443281569e-01
4.984928291382024756e-01
0.000000000000000000e+00
-6.695648144230672560e-01
6.945095830493297484e-03
2.486587588408495364e-01
-7.374702810835775946e-01
-4.774443181179448548e-01
-7.641105875876275100e-02
-7.413874039545376160e-01
-2.592735174131166609e-01
6.917933932552247089e-01
-8.518899027149227088e-01
7.887942578231130764e-01
-9.220776457670794013e-01
0.000000000000000000e+00
3.929445434899383471e-01
-3.512135981982966726e-02
0.000000000000000000e+00
0.000000000000000000e+00
2.625476727165261259e-01
2.007465453486083629e-01
9.187018627153689110e-01
-5.029642810899876970e-01
-1.870634871911081021e-02
0.000000000000000000e+00
1.404625819882987514e-02
-5.886999174790397138e-01
0.000000000000000000e+00
