-3.930586279398615712e-01
5.250678300716193903e-01
-7.089741735897816532e-01
-4.098226211052455881e-01
0.000000000000000000e+00
-7.834198437715704788e-01
5.518200251752620744e-01
-5.639752508022746191e-01
7.593805817780556744e-01
-8.860603954148131844e-01
-5.512918033877252100e-01
0.000000000000000000e+00
2.020294203552113199e-01
-4.478452795594769498e-01
0.000000000000000000e+00
-2.658525626389209862e-01
7.502658070516872169e-01
9.652788280718735958e-01
-1.478387816920982978e-01
-9.824745373034411422e-01
-3.250373978868195124e-01
-9.389003531576534112e-01
0.000000000000000000e+00
6.078027188381107671e-02
3.412091303170110557e-01
9.565125461055770106e-01
9.657755658117388453e-01
-7.253830652660508971e-01
9.352232887281304308e-01
9.888242698431992661e-01
6.414178129708070220e-01
9.535970182387643046e-01
3.890244121308610303e-01
0.000000000000000000e+00
-3.019460316567166291e-01
3.297285687716984270e-01
-8.811615049907084440e-01
-9.918107101948203663e-01
5.273472671464540795e-01
-1.319634250940331377e-01
0.000000000000000000e+00
2.426818137452328994e-01
-9.557477598280619269e-01
8.466308997562266292e-01
9.927202128193595154e-01
0.000000000000000000e+00
0.000000000000000000e+00
-7.277084787804679600e-01
0.000000000000000000e+00
2.416873605301381733e-01
6.081449088604231612e-01
-7.461105446498867977e-01
9.669307594285601049e-01
-4.083746439669690975e-01
4.405756750260854115e-01
0.000000000000000000e+00
6.787002901056153892e-01
-5.485142412610644058e-01
0.000000000000000000e+00
9.480257519601331673e-01
-7.378485415994116003e-01
-5.751379651134980175e-01
-5.624775076722365874e-02
6.294159081499599573e-01
-1.556645189308489829e-01
-5.692220453443632699e-01
0.000000000000000000e+00
7.691545388041511888e-01
7.989003122037856564e-01
5.884550644474144665e-01
0.000000000000000000e+00
-1.253456102007737272e-01
-3.361567048105185140e-01
-5.492332902008592033e-01
6.733811759553187670e-02
1.966973715420181623e-01
0.000000000000000000e+00
4.599729254151092572e-01
-1.900170300084704778e-01
-7.335170070939249776e-01
1.627455761243450372e-01
2.294438469981492368e-01
1.182876655614921724e-01
0.000000000000000000e+00
6.140718490850938238e-02
0.000000000000000000e+00
1.996232169659171163e-01
-7.007335177862199505e-01
9.172720818449360269e-01
0.000000000000000000e+00
-8.052163343400140505e-01
-3.359467650816740925e-01
0.000000000000000000e+00
0.000000000000000000e+00
0.000000000000000000e+00
2.687588189559426688e-01
6.295002906276812027e-01
0.000000000000000000e+00
-8.032218319118586969e-01
1.978766493152976924e-01
0.000000000000000000e+00
-9.126958126831967721e-01
0.000000000000000000e+00
6.330451699213841543e-01
-5.503859751472628403e-01
-5.455648339318324158e-01
8.040288269912798658e-01
-4.491640356536610312e-01
-4.061625318782087213e-01
9.261510526370930751e-01
-9.881866760548514428e-01
0.000000000000000000e+00
-5.093972991650459470e-01
-5.916830525118939033e-01
-2.389968050771125174e-01
0.000000000000000000e+00
6.730191329891737073e-01
6.215723192429301047e-01
2.717967258787974405e-01
3.657192092504961689e-01
0.000000000000000000e+00
-6.880671711600763185e-01
4.535020598277073045e-01
0.000000000000000000e+00
4.461582676441868678e-01
-6.628785242535548683e-01
2.457186981066843412e-01
-7.498706822877696521e-01
-6.836705930894337868e-02
0.000000000000000000e+00
6.252945904165536639e-01
1.441629891912277195e-02
5.125778591295313547e-01
0.000000000000000000e+00
6.074420687401276275e-01
-2.880254044413768089e-01
-2.692063811405724927e-01
-1.925038885513630227e-01
9.868893044910818091e-01
0.000000000000000000e+00
2.188184441387985846e-01
0.000000000000000000e+00
6.748881717614374498e-01
-9.297820901446818276e-01
0.000000000000000000e+00
-5.769367686978783549e-01
5.522059535732948277e-02
-4.473622387847371318e-01
5.831290854131079282e-01
-1.902932391599696516e-01
0.000000000000000000e+00
0.000000000000000000e+00
-2.380322620714636628e-01
5.182542440011901341e-01
6.102992002622762424e-01
5.485618236504528067e-01
0.000000000000000000e+00
0.000000000000000000e+00
-1.345150598476998471e-01
-6.474333445033464418e-01
9.244401977626388600e-01
0.000000000000000000e+00
1.158192230378765064e-01
-4.098509901891906893e-01
-9.801119472393211574e-01
-3.003727764049832771e-01
3.839351457678350510e-01
3.501013206811656175e-01
7.469270938737591070e-01
2.830610956060202188e-01
-8.919931205325972723e-01
0.000000000000000000e+00
3.673391797388880775e-02
1.086186386836218709e-01
1.359072199049546903e-01
-3.898383793017639043e-01
-3.832248220574876463e-01
-3.854760819251275006e-01
-5.972788920812353020e-01
0.000000000000000000e+00
-9.098737892037462860e-01
0.000000000000000000e+00
6.427301776861025218e-01
-9.919404632085990769e-01
0.000000000000000000e+00
-4.932453124210325335e-01
3.362388600360708413e-01
0.000000000000000000e+00
-9.971242056118412300e-02
7.774151671796423191e-01
4.768492585856809463e-02
0.000000000000000000e+00
4.408974299503072292e-01
2.356336298269161578e-01
8.760730887108247877e-02
9.827933477714443367e-01
0.000000000000000000e+00
-6.882190574891442481e-01
-2.430637206722028321e-01
-7.379021033208377212e-02
-3.386169270631060879e-01
2.053608506760233876e-01
5.550751585365776286e-02
4.775750255476467476e-01
-6.968384579569733006e-01
3.577281599967840897e-02
8.942321323350432838e-01
-3.551272422565561193e-01
-9.436088384645118232e-01
2.558345762339320206e-01
0.000000000000000000e+00
0.000000000000000000e+00
-1.348731775859259852e-01
6.376508985873337032e-01
8.919132203257538194e-01
-7.725174291674856697e-01
-8.712374984574715597e-01
2.015217947310308233e-01
0.000000000000000000e+00
-1.355171460043178566e-01
-2.474956996633381756e-02
-6.029884000403002986e-01
2.852613335015476981e-01
0.000000000000000000e+00
8.420483064355424041e-01
-5.839260870163149875e-01
0.000000000000000000e+00
0.000000000000000000e+00
9.582276239711151611e-02
-3.950776945751637292e-01
-1.951365197019305775e-02
0.000000000000000000e+00
-4.484432327524003892e-01
9.507688990618274882e-01
9.834390868057680812e-01
-5.776920609409437191e-01
-7.302278821298719969e-01
0.000000000000000000e+00
1.499526914944089295e-01
-6.695648144230672560e-01
6.945095830493297484e-03
2.486587588408495364e-01
0.000000000000000000e+00
-4.774443181179448548e-01
-7.641105875876275100e-02
-7.413874039545376160e-01
-2.592735174131166609e-01
6.917933932552247089e-01
0.000000000000000000e+00
7.887942578231130764e-01
-9.220776457670794013e-01
0.000000000000000000e+00
3.929445434899383471e-01
-3.512135981982966726e-02
-8.955931754779653531e-01
-4.687559521078490388e-01
2.625476727165261259e-01
2.007465453486083629e-01
9.187018627153689110e-01
-5.029642810899876970e-01
-1.870634871911081021e-02
6.196504109987532871e-01
1.404625819882987514e-02
-5.886999174790397138e-01
-9.786572863120075461e-01
