-2.584236020602836970e-01
-4.828099230861615521e-01
8.713539131851033570e-01
-7.974624392571814102e-01
-6.782894478094576574e-01
4.934755393518603928e-01
-3.621585537589486758e-01
7.219835647750261209e-01
6.927484405599060313e-01
8.042534394297140565e-03
2.684687918831463183e-01
-2.395115481175751349e-01
4.969459152813813230e-01
9.439434850603387606e-01
2.510371327124267804e-01
-2.619418807723898901e-01
8.340464275163086416e-01
-9.888921344798760060e-01
5.091213746157170483e-01
9.040951999997757227e-01
-5.443420110519228139e-01
2.742679147092421665e-01
-7.848052490482031462e-01
-2.084079710683657272e-01
8.865585217968046106e-01
-8.261768251242342931e-01
-6.233050213009312390e-01
-6.886956394055312458e-01
-6.890196018806462597e-01
-5.512042297237609301e-01
9.133937657015376299e-01
2.180940595795863857e-01
2.428653094028843107e-02
6.108142989058273908e-01
3.164200277780386816e-01
9.497346640651742611e-01
-3.206387037986719868e-01
6.259087477555547174e-02
8.119117786338232445e-01
-3.802013060269950895e-01
8.422770126642822319e-01
-2.416795579559900542e-01
-9.282124684540571380e-02
-2.022295625441685729e-01
-7.624273081686230302e-01
-2.963467177201741798e-01
4.129723320713438728e-01
6.982331496406513072e-01
1.247161178325804087e-01
-8.827901305992642556e-01
1.717844639373189430e-01
3.022000119819361341e-01
2.395720557079521473e-01
-4.824485546550243420e-01
-8.779737181956561720e-01
5.423921030542433463e-02
-4.928760818620558926e-01
6.503713230081873409e-01
7.149246754023075301e-01
-8.681777438454281182e-01
5.256134867004469413e-01
-9.759111252879648646e-02
-1.407700638316444763e-01
-8.364234474698228894e-02
7.272196644004385035e-01
-8.140224619005300699e-01
8.838941623296041605e-01
8.373128300707846083e-01
-1.333405020220617132e-01
9.502381752860915576e-01
6.024651191026211272e-01
3.671485519576782597e-01
6.840004264995602767e-02
4.311233254614841304e-01
1.527244256563207170e-01
5.802121909940411992e-01
-5.269539444048660926e-01
-1.532041323746193839e-01
-4.663084253596967432e-01
-9.979758070789614965e-01
4.120419398799202160e-01
2.138452602916245393e-01
-5.207481958507913511e-01
6.258673688400857582e-01
4.550671549547469219e-01
5.288448213633336614e-01
1.713495250511118950e-01
-3.910612955422476666e-01
3.158420018594327860e-01
-4.869896970101410538e-01
6.749247508622135960e-02
6.269096040464947617e-01
1.893723520556411799e-02
7.260025706625006237e-01
6.485901485114484721e-01
0.000000000000000000e+00
-2.166645737548964501e-01
0.000000000000000000e+00
-6.789797438901423732e-02
0.000000000000000000e+00
6.612847321146908541e-01
0.000000000000000000e+00
-8.488800305719497175e-01
0.000000000000000000e+00
0.000000000000000000e+00
-3.367476207153061729e-01
2.369184352360869106e-01
0.000000000000000000e+00
-5.651099660918805778e-01
0.000000000000000000e+00
1.561363640484869642e-02
2.717045020047659243e-02
-2.368757655902999915e-01
9.273069051504512217e-02
9.663132085891015244e-01
-2.837583984161258233e-01
4.062684224208834571e-01
-1.372040360948805215e-01
0.000000000000000000e+00
-2.076536250620049096e-01
0.000000000000000000e+00
9.815684826350019598e-01
0.000000000000000000e+00
4.906817154244862422e-01
-8.976472895917826378e-01
3.709032333616599786e-01
0.000000000000000000e+00
-6.837439701712744178e-01
5.407668758594228464e-01
6.429403965567872525e-01
8.358265362722869796e-01
-1.748102436046592434e-01
-6.374050290045887301e-01
-5.955054436551119323e-01
-9.743514783016657965e-01
5.514823148175862499e-03
0.000000000000000000e+00
-2.592649989908972774e-01
4.666078643249327307e-02
-7.377942572324578396e-01
5.372548479333361104e-01
-2.897460784171626003e-01
-4.287591258533376415e-01
0.000000000000000000e+00
3.912225964583884164e-01
1.492273641561010500e-01
4.299440100076858950e-01
-7.294657517818821102e-01
4.186660981047263252e-01
1.462836155713733710e-01
0.000000000000000000e+00
-3.507804961112401809e-01
-9.843727860136208818e-02
-8.139861731308717374e-01
-8.471296193922150941e-02
0.000000000000000000e+00
1.287776600984689157e-01
-1.558047116096483720e-02
2.233808850402552171e-01
9.712559991507485613e-02
9.925153729250124623e-01
-6.813548486628624445e-01
2.952003011143011779e-01
4.885421043557056642e-01
5.698209821489070848e-01
0.000000000000000000e+00
-4.846632062542024499e-01
4.099863036515833947e-01
2.524728964186924163e-01
-3.535575369695906911e-01
6.335277887060350999e-01
0.000000000000000000e+00
0.000000000000000000e+00
0.000000000000000000e+00
-5.725793731025359268e-01
4.912777005655410978e-01
9.334398250296331856e-01
4.454973196459248719e-01
1.528190696796760673e-01
-8.069716723475257592e-01
8.933970104890014419e-01
7.434397573030278039e-01
6.594709413029711254e-01
4.528896028918538708e-01
0.000000000000000000e+00
-3.660409489091625002e-01
-2.788257459945486794e-02
2.031025127850603074e-01
-5.779486103682018872e-01
0.000000000000000000e+00
0.000000000000000000e+00
4.489857715545066963e-01
7.695863104709730340e-01
-4.888261290721591656e-01
0.000000000000000000e+00
1.610711489704468313e-01
0.000000000000000000e+00
-9.433369522803687346e-01
-9.296496557616640288e-01
5.636742483122203495e-01
6.824677425012477539e-01
-2.306595796260018094e-01
-6.341306951709735351e-02
1.425473106466559337e-01
-3.831799416725374385e-01
-3.248533152898391840e-01
-2.269239628599899472e-01
-4.783182822872849016e-01
3.969940988151248185e-01
0.000000000000000000e+00
-7.761017286601070708e-01
-8.034517161685772457e-01
0.000000000000000000e+00
-3.448425679729760773e-02
7.169069233535168006e-01
4.378949675610117609e-01
1.709613145365911357e-01
0.000000000000000000e+00
2.212198281261910093e-01
-6.319832846012674032e-02
0.000000000000000000e+00
-4.895250740324983418e-01
9.740113559464076420e-01
8.970350335927641527e-01
9.623733381591350611e-01
-2.301028085911192012e-01
-6.117773558692833902e-01
-1.056967241085593479e-01
5.317933791595943482e-01
3.061595614331247273e-01
-9.737695092752114423e-01
-5.511774607017274619e-01
9.225533428327317154e-01
6.804786737069279390e-02
0.000000000000000000e+00
1.430856874764216968e-01
5.536146814657625370e-01
0.000000000000000000e+00
0.000000000000000000e+00
4.211449355858392085e-01
-7.805061931853090051e-01
2.784979145778709864e-01
8.375404017109278065e-02
-9.572874833621596302e-01
0.000000000000000000e+00
-1.622627403972527471e-01
0.000000000000000000e+00
9.750404343620355796e-01
-4.457551744408370098e-01
-4.465564705837985482e-01
0.000000000000000000e+00
-9.004841368317317851e-02
1.925109829058284650e-01
7.025443050998672057e-01
5.039299384108228974e-01
0.000000000000000000e+00
0.000000000000000000e+00
3.826109333932423695e-01
2.025892464964653694e-01
0.000000000000000000e+00
-2.728752464037742520e-02
4.609179772319085266e-01
-5.315199155929002384e-01
6.211746154146209342e-01
-1.950633971725153071e-01
