-5.179671407307486763e-01
9.185054954791083137e-01
-6.621928171922462081e-01
2.293828563231374851e-01
-9.366716943276662821e-01
-3.055358310293621038e-02
-8.979291124103194743e-01
-4.067399582675061964e-01
1.635978010594236753e-01
3.300394996311839524e-01
-8.326575562910936146e-01
7.026424191328737301e-01
5.652191940030681927e-01
1.965153816352198657e-01
-7.007758421632170887e-01
-7.185634741507340717e-01
-4.546743006098943329e-01
-5.480495650845123023e-01
6.403324257867548663e-01
-2.895947878051881030e-01
-3.295702644125024783e-01
-3.397473128280368293e-01
-9.984324380414824063e-01
2.223658326681960951e-01
-8.460297666381910719e-01
-2.429234520278824583e-01
9.966364415381012698e-01
2.728913480482297871e-02
5.443265718685836863e-01
-7.003044018900328460e-02
7.724794752566488398e-03
2.308642424190430198e-01
7.936715493375503527e-01
-3.464795712424730834e-01
-4.212516802896091317e-01
-7.400704472304744375e-01
4.099224681395414738e-01
2.114844666655839589e-01
8.236968836794567039e-02
-8.365902973894239203e-01
1.704991897742083040e-01
-2.088564064354319072e-01
1.416459095748856534e-02
0.000000000000000000e+00
-8.458234910779860449e-02
-3.499243921489456621e-01
6.586468504090614573e-01
-3.253762480947119951e-01
-7.566457060447804306e-01
-5.664506075122295314e-01
4.626132463800438632e-01
0.000000000000000000e+00
-8.377054467725537634e-01
3.810292081380304285e-01
-9.423887296222410725e-02
0.000000000000000000e+00
-7.784726123259144703e-01
-9.236972129543663534e-02
6.483868738272129395e-01
-8.335203347256443518e-01
8.457920238454428308e-01
0.000000000000000000e+00
0.000000000000000000e+00
-3.939631925090478770e-01
-1.567443507790007295e-01
-2.983838477437883441e-03
0.000000000000000000e+00
-4.314858799899934372e-01
-6.456675042597592729e-02
0.000000000000000000e+00
1.333893418168230482e-01
0.000000000000000000e+00
-6.344057999500711809e-01
0.000000000000000000e+00
-9.352620416690093919e-01
-7.738098586666921630e-01
-3.263067881158618899e-01
0.000000000000000000e+00
-8.408878599405786858e-01
8.996793262685991444e-01
0.000000000000000000e+00
0.000000000000000000e+00
1.373899940868197334e-01
-3.269594379563920405e-01
-9.530846029396180530e-01
8.016991857781317066e-01
1.540024550720953123e-02
8.020988055110109816e-01
0.000000000000000000e+00
-5.883149508898988245e-01
0.000000000000000000e+00
9.641037254090993880e-01
0.000000000000000000e+00
0.000000000000000000e+00
-9.082270291456187028e-01
0.000000000000000000e+00
-1.091018143193391854e-01
-2.687259314571397439e-01
8.195793316386017491e-01
-4.228313421177620768e-02
-1.568964054149655230e-01
5.738306461375159984e-01
8.544539342909882595e-01
-6.712924614744637530e-01
-7.121689859760258479e-01
0.000000000000000000e+00
0.000000000000000000e+00
5.356146204453178239e-01
0.000000000000000000e+00
0.000000000000000000e+00
1.842237059686446798e-01
-6.024441972765068876e-01
3.892825184580692710e-01
-2.197945322964198755e-01
2.913502219799879445e-01
-7.666563807278992115e-02
0.000000000000000000e+00
1.024385218615613269e-01
4.614221181266802141e-01
-1.661059420436883372e-01
4.902944534704201107e-01
-9.685829368344014423e-01
0.000000000000000000e+00
2.750915746827558017e-01
0.000000000000000000e+00
7.830147097894919472e-01
0.000000000000000000e+00
4.454018199302554049e-01
-4.755350519245564733e-01
3.813903295322802478e-01
3.159820594740934130e-01
2.956201367953603665e-03
5.904780709278849571e-01
-5.970279639442586106e-01
-2.533349683742969205e-02
-4.756523774463718990e-01
3.893693486631744083e-01
0.000000000000000000e+00
5.984884513170150022e-01
1.893141636091444369e-02
-9.762675288129247786e-01
-5.618686432925321661e-01
-7.255010033143047821e-01
-5.391160420601912584e-01
0.000000000000000000e+00
5.916899739939887048e-01
7.453396847484006216e-02
-8.080166671677699863e-01
-5.454131347650932327e-01
2.339874924438154480e-01
5.546959086140332840e-01
4.622009071990937912e-01
1.932866873128142871e-01
8.333083583659655069e-01
-2.377133827536059840e-02
-8.449767002776811253e-01
0.000000000000000000e+00
-5.198833870437724602e-01
7.684314655433270858e-01
0.000000000000000000e+00
3.219766884946984042e-01
0.000000000000000000e+00
6.554152370572781106e-01
-6.343535966461986142e-01
7.588557900228725117e-01
-2.568906746186101486e-01
-4.472416799828176082e-01
-1.662946136261493901e-01
6.452038780244273575e-01
4.354212679752427206e-01
0.000000000000000000e+00
-9.538306957127176133e-01
9.615733711845337872e-01
-2.095279207689613177e-01
0.000000000000000000e+00
4.882162191606194135e-01
4.959131431560903636e-03
-6.428228370909194744e-02
7.575688770618278500e-01
7.600629023346781032e-01
-2.226319600501813767e-01
8.950510647961213984e-01
9.872782273038553935e-01
3.191593442190836516e-01
-6.828350647701115772e-01
0.000000000000000000e+00
-4.512681709916099848e-02
-9.882851532070822120e-01
0.000000000000000000e+00
-3.901435754176463266e-01
8.207424674318870572e-01
-3.959902868813554022e-01
-9.054690757813677049e-01
9.867515094171925849e-01
6.566866211275739218e-01
0.000000000000000000e+00
-7.043337963813955938e-02
-7.736794860137119478e-02
5.041511512054408506e-02
-4.193949836493227057e-01
8.111969733104469338e-01
-7.014047716849898251e-01
1.770055830637835559e-01
-9.271653569632236636e-01
8.351741882812948603e-01
-4.682525015136216329e-01
-5.986524596896254380e-01
5.626963338280788207e-01
0.000000000000000000e+00
-2.904125492080278370e-01
-8.969271509648348850e-01
-3.732818684487753114e-01
-7.942621909754332687e-01
6.724300216013554543e-01
-5.763717344256600317e-01
0.000000000000000000e+00
0.000000000000000000e+00
0.000000000000000000e+00
3.813072689547520877e-01
0.000000000000000000e+00
0.000000000000000000e+00
-6.717358229793306545e-01
6.805234607174384109e-01
-3.325648045494429272e-01
4.129427945080057505e-01
4.450569455665964735e-01
-2.009597540409926442e-01
0.000000000000000000e+00
-1.277134124455381325e-02
0.000000000000000000e+00
-8.803408898152047524e-01
-8.667095828598847529e-01
5.744291640170449131e-01
-8.978851517358856782e-01
-6.103606660277758333e-01
-6.061038356409464978e-01
5.194575137426733491e-01
0.000000000000000000e+00
3.538850235136665745e-01
-8.207581147050146964e-01
-6.476084480245152264e-01
-1.306544182577957791e-01
2.307355802446697801e-01
0.000000000000000000e+00
-5.153313304169215847e-01
4.018937490296194959e-01
-2.041530120786672065e-02
0.000000000000000000e+00
-5.830096210176107796e-01
-5.980858064393124174e-02
4.965366829836157514e-01
0.000000000000000000e+00
-3.776396466736731128e-01
6.127169841239574755e-01
0.000000000000000000e+00
-5.932752983134899072e-01
3.481455786919052109e-01
9.755975334959039458e-01
6.703422040966098283e-01
-9.111665580970111922e-01
1.204595340613678900e-04
1.000000000000000000e+00
7.482784621151750137e-01
-4.875389482403580388e-01
-5.409980654108670350e-01
