0.000000000000000000e+00
-2.141219163266809833e-01
-4.059863848038847145e-01
9.274944034672258919e-01
-3.822630070110279998e-01
-5.229053338101414816e-01
-2.381650656199891802e-01
5.312548159487600063e-01
-2.856583903296039395e-01
8.645508647130029090e-01
-3.004471388917318020e-01
7.145931638321156854e-01
9.698693630069012972e-01
-7.197781941794154648e-01
2.012944811732957362e-01
6.568813890765001773e-02
5.820856461492143197e-01
1.130362100057924479e-02
-9.209766943507193826e-01
5.121702469145084091e-01
3.088746247618510132e-01
4.335030553653360652e-01
-8.154960832985369557e-01
9.518538085018619643e-01
-6.425627856930826720e-01
-4.348070043890617242e-01
-6.002519403034534129e-02
-9.582359155699826658e-04
-3.296568565526278860e-01
6.937406150193712318e-01
-2.189125588021303415e-01
0.000000000000000000e+00
7.031683511455382174e-01
-4.240332834005962059e-01
-7.942375652406217235e-01
0.000000000000000000e+00
3.182545109859298282e-01
-4.905918486221905184e-02
-4.977076077300308654e-01
0.000000000000000000e+00
0.000000000000000000e+00
-7.108039639258492137e-01
8.749634186070243125e-01
7.500246059006956401e-01
-8.385114562764608426e-01
-2.420289023217057078e-01
3.202027349158633740e-01
6.276021805631692985e-01
0.000000000000000000e+00
-1.961250878770217643e-01
-8.569157656347872187e-01
6.345312082133078846e-01
1.362323771265152583e-01
-9.063041295510401163e-01
0.000000000000000000e+00
5.630885734174011503e-01
2.760947564948643684e-01
3.137550657572105717e-01
9.296315766318601348e-01
5.475911275022313784e-01
6.889687275115752296e-01
-7.530555708765773737e-02
4.444176778771178338e-01
0.000000000000000000e+00
9.104826040942999299e-01
7.638499328633017171e-01
0.000000000000000000e+00
-5.574370364998124661e-01
-4.557093088644721401e-01
-1.099316586790775041e-01
3.997493624093946263e-01
4.430204970319733260e-01
0.000000000000000000e+00
-7.613657226225809538e-01
9.360244895604561410e-01
0.000000000000000000e+00
9.240127599465552954e-01
0.000000000000000000e+00
3.869722524375651673e-01
-3.782447021350729965e-01
7.028932892412791400e-01
-8.212788666191654929e-01
-6.801872110857085652e-01
-9.802653170431510077e-01
7.112968631503224781e-01
0.000000000000000000e+00
1.067959122763926239e-01
9.977150358954456344e-01
0.000000000000000000e+00
-2.100122154689281206e-01
1.643030817157240531e-01
0.000000000000000000e+00
5.189640257602823326e-01
7.083065636931882292e-01
0.000000000000000000e+00
-1.543993616400762825e-02
0.000000000000000000e+00
8.154911744416759589e-02
0.000000000000000000e+00
6.475435466897616621e-02
-2.287320253684501647e-01
-1.803637595349303346e-01
-6.592391319955872575e-01
0.000000000000000000e+00
-1.899204026616587715e-01
0.000000000000000000e+00
0.000000000000000000e+00
-5.960231724729114777e-01
8.583565026351664962e-01
3.146172556788315866e-01
6.691707564489723925e-01
1.364500677175306542e-01
-5.695269530575557404e-01
-8.203138876301527826e-01
0.000000000000000000e+00
0.000000000000000000e+00
6.491202063961560853e-01
-1.484668614097794936e-02
-3.178213015333026803e-01
-1.985246181243709440e-01
7.118742624247207385e-01
8.693312856916377562e-01
-3.405415857291680393e-01
3.103444897380940315e-01
0.000000000000000000e+00
2.141602260441204386e-01
-3.718834161651456416e-01
7.749050483780666188e-01
0.000000000000000000e+00
-3.849169094833859717e-02
-7.713887108513786117e-01
2.267588383719854050e-01
7.650359091768774711e-01
4.214808101208933344e-01
-3.747038073637594113e-01
3.847880717121032745e-02
3.941421297188643091e-01
0.000000000000000000e+00
4.539026521032683004e-01
-4.278762505961553053e-02
7.343506728839277464e-02
-7.580218582065059163e-01
0.000000000000000000e+00
5.666346551822991628e-01
-5.305955155976371795e-01
3.886814313910154084e-01
3.160187972067651785e-02
4.377387147069844442e-01
0.000000000000000000e+00
0.000000000000000000e+00
4.810617807170001203e-01
-5.805049652855625020e-01
3.072843188560248073e-02
-2.744192534966725106e-01
6.495412480885689455e-01
2.710276158179087957e-01
-2.276510345476512320e-02
5.856792297652524404e-01
-8.832911517787953581e-01
-6.636293474206063081e-01
1.472867890771405452e-01
8.066230695843110698e-01
7.676233625009785122e-01
4.317010100298042108e-01
5.912721390404378496e-01
0.000000000000000000e+00
9.743577325965051550e-01
-4.677406901414622453e-01
0.000000000000000000e+00
2.908344971281437985e-01
3.196114268938459180e-01
7.243675146648043128e-01
-8.509376719208039397e-01
2.636308036178536263e-01
2.828325567806162510e-01
5.630584288325621856e-01
9.250684407287164124e-01
-3.505902376484932859e-01
-5.180152161775017916e-01
0.000000000000000000e+00
-3.097971804383929939e-01
-4.083076665980653885e-01
0.000000000000000000e+00
-2.810507044822772027e-01
-3.056197183497084691e-01
0.000000000000000000e+00
0.000000000000000000e+00
0.000000000000000000e+00
-7.431705522457514590e-01
-1.303404190855410594e-01
0.000000000000000000e+00
0.000000000000000000e+00
2.238762348617515663e-01
7.994547725898171198e-01
-1.476633678103689284e-02
3.272722195164543546e-01
-5.645004641105304533e-01
-9.693154413611870801e-02
1.845736053587330172e-01
-3.808251480734050620e-01
-7.740153721677955900e-02
7.139912104085088806e-02
0.000000000000000000e+00
0.000000000000000000e+00
-1.246046210121143361e-01
-4.420136681354900343e-01
2.916799340611397895e-01
8.206099901747514469e-01
7.948516187348646511e-01
-8.539247243665339937e-01
-1.797314876026658848e-01
-3.099235494627992082e-01
0.000000000000000000e+00
6.852941831447005860e-01
2.748166571122823143e-02
-7.219638951205344934e-01
0.000000000000000000e+00
9.437596924825535361e-01
5.014366875118947409e-01
-6.099740806639681878e-01
-3.058231556976693799e-01
9.357482431948900281e-01
7.120481077204696696e-01
6.056806671204773007e-01
9.015005713523420727e-01
-4.788477420303194343e-02
-9.554066238819780565e-01
1.713137845996144382e-01
9.534780791966912528e-01
-2.639049380095732644e-01
0.000000000000000000e+00
0.000000000000000000e+00
0.000000000000000000e+00
0.000000000000000000e+00
1.187463704826980937e-01
-5.440895313605380590e-01
2.737550306769223063e-01
-7.289595903911476604e-01
8.723918787570812405e-01
0.000000000000000000e+00
-5.317924144632102390e-02
0.000000000000000000e+00
-8.514840371772023353e-01
0.000000000000000000e+00
0.000000000000000000e+00
-5.629815228567185414e-01
-7.421119083189948729e-01
4.367913603487225682e-01
6.380009581172512156e-01
-4.117131650712273494e-01
0.000000000000000000e+00
-1.544799072527482942e-01
-5.083623013697164961e-01
-8.771980761961533091e-01
9.466377331996580491e-01
0.000000000000000000e+00
-3.843059570330509267e-01
0.000000000000000000e+00
1.472248231543411556e-01
-9.199702384419659040e-01
4.900033619038575150e-01
1.383551441490380451e-01
0.000000000000000000e+00
-2.994291706162812705e-01
-5.528009681830758915e-01
