-8.277012868022013414e-01
7.910007041894606683e-01
9.772740574152849469e-01
0.000000000000000000e+00
-7.429699901653132876e-01
-4.072349609346084254e-01
-5.366007133066184043e-01
3.414646518998833979e-01
3.621980149956740558e-01
-1.223083261768440622e-01
4.798953662795302222e-02
-7.758594728109518002e-01
8.178649822900130317e-02
8.998774434456049409e-01
5.115546051220578594e-01
-8.076910774582084507e-01
3.300272298754691747e-02
4.307296352709226728e-01
-4.854789649014785713e-01
7.897932999955290523e-01
-7.811807174405616117e-02
4.064624195463515388e-01
-1.916732210745186737e-01
0.000000000000000000e+00
5.656314755132452188e-01
1.468808014530609274e-01
-7.104699542126178269e-01
-1.176334810425567756e-01
-9.412301807145504462e-01
1.903283504136106252e-01
7.636350354068464075e-01
-6.391510159841702343e-01
2.034300645548592357e-02
-3.508334943726465482e-02
-1.901706419330611020e-01
4.209201593882958559e-01
8.733398379705175074e-01
4.107850737561058452e-01
-5.500164091427994784e-02
0.000000000000000000e+00
0.000000000000000000e+00
4.912255095238768909e-01
3.169700515480853298e-01
5.232177498888972433e-01
7.041464556126182384e-01
-5.500022391549572731e-01
2.424980579000068914e-01
-1.945522305922167128e-01
3.339437601351085139e-01
9.544681292911887383e-01
2.696616934980433644e-01
-9.767884118417806683e-01
-7.090238446633101432e-02
4.231529668973865732e-01
7.664418737040101792e-01
0.000000000000000000e+00
6.321398033861798105e-01
0.000000000000000000e+00
0.000000000000000000e+00
0.000000000000000000e+00
0.000000000000000000e+00
8.106460603400946763e-01
7.693594541041379742e-01
-7.990852387251832223e-01
6.312424325603742670e-01
5.340014815567719619e-01
0.000000000000000000e+00
4.884913850037331251e-01
1.724548873338502819e-01
-6.170111523597892056e-01
6.083787919867913452e-01
-7.242537437605218731e-01
2.246474128767237399e-01
-1.312040316752163260e-01
0.000000000000000000e+00
0.000000000000000000e+00
0.000000000000000000e+00
-5.900050107779228892e-01
9.335615748190795316e-01
-8.543492652440427548e-01
-9.939254238355561544e-01
-2.915374140193760510e-02
6.743829946084027860e-01
3.168041268802386234e-01
5.093391774827467078e-01
-2.999909333981976012e-02
3.496047097779746426e-01
-3.302187255128372634e-01
-4.661094713580327120e-01
5.801416342268606030e-03
0.000000000000000000e+00
-8.403828201668890330e-01
5.079194806163942477e-01
0.000000000000000000e+00
5.005114516394995050e-01
5.687519609589766212e-01
-1.910181007490623362e-01
3.499863687922364353e-01
5.748445813869993426e-01
7.280482011968429923e-01
-7.302594921875082967e-01
-6.748597100454183373e-01
0.000000000000000000e+00
-7.068661338571446962e-02
-4.103622562311872723e-01
0.000000000000000000e+00
0.000000000000000000e+00
9.338275194439278337e-01
-2.670806343254858994e-01
0.000000000000000000e+00
-2.353416895224711425e-01
-1.143990426597725207e-01
7.409874152603386221e-01
-3.831391111272883787e-01
2.981304844228074291e-01
-3.242692813832048770e-02
7.713834510903683217e-02
0.000000000000000000e+00
0.000000000000000000e+00
6.487408625048216582e-01
-3.916613856895707624e-01
2.926165453851481413e-01
5.916819618966100425e-01
3.068188822682258454e-01
-2.140668702410950530e-01
6.814095366075116900e-01
-8.141024036935053942e-01
2.666288049610328059e-01
-2.177483797640757945e-01
6.093197834721131301e-02
7.018821708789215741e-01
0.000000000000000000e+00
2.576803429296197212e-01
-3.838414394710794042e-01
-5.341723568799880972e-01
0.000000000000000000e+00
-5.357808541859334639e-01
0.000000000000000000e+00
9.155092852102648671e-01
-7.760678727123506704e-01
6.372327474860628449e-01
0.000000000000000000e+00
-2.707932410580424776e-01
0.000000000000000000e+00
-8.452288756562247318e-01
-8.523959871083053308e-02
-6.670056358339837566e-01
-1.159820576100700773e-01
-4.160256764134531160e-01
7.891464104333418828e-01
8.434849041474716813e-01
0.000000000000000000e+00
2.792404475197804992e-01
8.592844199096296709e-01
-3.475467091950055210e-01
-8.008912222427531091e-01
-5.243162442909155008e-01
-6.209075934838159672e-01
3.569413102599623411e-01
-2.524233432809350752e-01
0.000000000000000000e+00
0.000000000000000000e+00
-5.336558331752478956e-01
6.170727394610611150e-01
2.658133265079014595e-01
0.000000000000000000e+00
0.000000000000000000e+00
-3.154935049899763033e-01
7.571626263867194950e-01
8.518518447145451145e-01
5.212643457316312734e-03
0.000000000000000000e+00
8.975642222238593426e-01
0.000000000000000000e+00
5.020140962872021717e-01
7.386203066186314281e-01
0.000000000000000000e+00
0.000000000000000000e+00
9.581383722478857834e-01
-4.167880634674516749e-01
4.147272809579494179e-02
-7.119377771231949481e-02
-3.805478582451740088e-01
2.835175153613493926e-01
-5.751005160110205239e-01
8.131253534633648972e-01
9.262333096584753900e-01
4.578620911550486117e-01
-1.325322624206699551e-01
0.000000000000000000e+00
0.000000000000000000e+00
-8.975305127883399514e-01
-1.639672230350872617e-01
5.012906463952360170e-02
-6.375498783496569288e-01
-8.124264230833633249e-01
6.053104174107721835e-01
0.000000000000000000e+00
3.841938019797108694e-02
8.429006951837385575e-01
0.000000000000000000e+00
-4.208384649396734734e-01
0.000000000000000000e+00
-2.555465801317318153e-01
-9.618897903807908101e-01
3.706213446297390579e-01
-7.976762487736863694e-01
-3.881552785874702316e-01
6.812233742376816448e-01
3.451435092895320800e-01
-9.685558555713236206e-01
-9.715308159603530669e-02
-1.786512488529861109e-01
0.000000000000000000e+00
-5.835062132844046623e-01
1.774901243084165969e-01
-8.524213730494940577e-01
-4.312812980392282114e-01
-2.541957899060640624e-01
8.705408680970221358e-01
-8.469035592799594170e-01
5.099682284957973710e-01
-6.152817440663522763e-01
1.431054826586617423e-01
-2.164380592715045015e-01
-7.355123550198516824e-02
5.071610114714366624e-01
-2.099148796842742470e-01
-7.565410397326608472e-01
-7.564598005569200811e-01
0.000000000000000000e+00
0.000000000000000000e+00
2.819831876621301525e-01
9.193371267916243816e-01
3.853050933092991848e-01
-9.506624546917978869e-01
3.183193276878368838e-01
5.544238692995973050e-01
4.470365599662593503e-01
0.000000000000000000e+00
-2.848307645380563358e-01
-8.592857209643001148e-02
0.000000000000000000e+00
0.000000000000000000e+00
5.260748961260031109e-02
-4.488091588695630740e-02
9.093936939226616722e-01
6.086999538386754782e-01
8.641077204364768782e-01
0.000000000000000000e+00
0.000000000000000000e+00
-5.367452776968550943e-01
-2.242105310327313639e-02
-4.811893172776535721e-01
-1.446923360881429144e-01
3.582804307222977602e-01
8.371604544566704220e-01
1.718011606902014599e-01
6.357065077982999579e-01
-8.081053782826683740e-01
-2.878855440596583826e-01
9.954960427472614448e-01
-7.069979040875371545e-01
-1.664639130502225672e-01
-8.663212090943677168e-01
