-5.179671407307486763e-01
9.185054954791083137e-01
-6.621928171922462081e-01
2.293828563231374851e-01
-9.366716943276662821e-01
-3.055358310293621038e-02
-8.979291124103194743e-01
-4.067399582675061964e-01
1.635978010594236753e-01
3.300394996311839524e-01
-8.326575562910936146e-01
7.026424191328737301e-01
5.652191940030681927e-01
1.965153816352198657e-01
-7.007758421632170887e-01
-7.185634741507340717e-01
-4.546743006098943329e-01
-5.480495650845123023e-01
6.403324257867548663e-01
-2.895947878051881030e-01
-3.295702644125024783e-01
-3.397473128280368293e-01
-9.984324380414824063e-01
2.223658326681960951e-01
-8.460297666381910719e-01
-2.429234520278824583e-01
9.966364415381012698e-01
2.728913480482297871e-02
5.443265718685836863e-01
-7.003044018900328460e-02
7.724794752566488398e-03
2.308642424190430198e-01
7.936715493375503527e-01
-3.464795712424730834e-01
-4.212516802896091317e-01
-7.400704472304744375e-01
4.099224681395414738e-01
2.114844666655839589e-01
8.236968836794567039e-02
-8.365902973894239203e-01
1.704991897742083040e-01
-2.088564064354319072e-01
1.416459095748856534e-02
-6.677327901346525874e-01
-6.516426422731367296e-01
-1.419130601703486594e-01
5.922771784138685103e-01
-2.062688666126890613e-01
-5.911753663165240091e-01
8.130440677726813448e-02
9.541494554867813171e-01
-4.934020164714263412e-01
5.031672362495827056e-01
8.907096138653014528e-02
-1.499822473556495783e-01
1.883875094448959064e-01
-8.163480677123671203e-01
4.234616381855054179e-01
2.286836913210563704e-01
-8.900869790718664021e-01
-2.776817859938989219e-01
-2.588654661985090311e-01
5.160795444891064232e-01
2.598290773857689917e-01
-2.330488211414882826e-01
9.912858342740646922e-01
-5.359726299899203461e-01
2.110002031508173559e-01
-9.880863127365282494e-01
7.923050466909338230e-01
-4.480731901119727745e-02
-9.313217169444170107e-01
7.440977846119016803e-01
6.503832742565793801e-01
-4.201498351597510172e-01
-1.678997301525453345e-02
-9.775071142404159197e-01
-1.252680127922745079e-01
-3.454283847332157986e-01
-8.083569990691485962e-01
1.951760137857829758e-01
-9.544416918318057164e-01
3.734297101505019700e-01
1.261474809953357923e-01
9.667808325136075798e-01
7.378377918439229521e-01
4.708412246794311251e-01
-3.388585994711559302e-01
-4.978617231229869322e-01
-3.218018589794202633e-01
-7.129981026790752630e-01
2.145319681406732126e-01
-6.549510376070333262e-01
-3.011288827660998368e-01
3.186665907907881845e-01
5.702574245310123580e-01
5.139664338882241612e-01
-2.127236798561076281e-01
-4.618790533471428539e-02
7.344221224084090949e-01
4.669077359436166752e-01
6.502965738418708952e-01
-3.342515520983173616e-01
5.474080756890784549e-01
7.210013180834398128e-01
5.198475687817880608e-01
-5.809757944728031198e-01
8.184701290658196182e-01
3.453138531520405508e-02
-6.967559414237278759e-02
6.079079999147183333e-01
2.254413310418379446e-01
-3.001906295077312326e-01
3.261990510601882054e-01
-6.088431850905084985e-01
2.507935471538575989e-01
5.892049907919354457e-01
-3.513624478922163785e-01
-6.924391281926822739e-01
9.183250129051989674e-02
1.215803981243297471e-01
-3.890974365013257774e-01
-4.537786297901114096e-01
9.952170002119349324e-01
7.920636269148406683e-03
4.202843987529985004e-01
-1.602258846417321525e-01
1.002919495170051523e-01
-4.282136312264970268e-01
-6.620160180548793072e-01
6.658814984383010227e-01
3.633397987033804011e-01
-3.915248429093405313e-01
-1.876970475080359524e-01
1.197093053810140972e-01
-8.700620717378426683e-01
2.297449110183742427e-01
9.899626711277911273e-01
3.700756113792080804e-01
-6.797332633708053073e-02
-7.588066656157417267e-01
7.785321469959161078e-02
1.630988087646172424e-01
3.951342696926440912e-01
7.650571888204662496e-01
-4.616318598493089898e-01
-7.900982667134368587e-01
9.383698345082858161e-01
6.867398130251456401e-02
7.750135619486611116e-01
2.085915670433762248e-01
8.026496432828227334e-01
2.033819170334454363e-01
4.521067736482686783e-01
2.685054932177450837e-01
9.058700955715606185e-01
5.020523820327871256e-01
9.477114765030072441e-01
-1.677860971296987191e-01
-5.877083789985577678e-01
-5.975564425318455886e-01
-8.741940804654912966e-02
1.129922015251743073e-01
3.785887339259688122e-01
-6.989599272521429540e-02
9.295140262329539826e-01
-1.893686453616887366e-01
-9.829817628612216307e-01
5.505413748338416902e-02
3.151121657128010956e-01
-5.160635042121752836e-01
4.842892559570555200e-01
-6.068122140895559902e-01
8.079239958866222260e-01
-1.082040416514746806e-01
9.049351488071288863e-01
2.270978332564750346e-01
4.476779941250155215e-01
-5.888107998645364383e-01
7.625009773920377043e-01
9.803832699896544156e-01
-7.003518730876572285e-01
1.584472563298915393e-01
-6.791628958021687090e-01
7.608802568891626095e-01
7.294670998117374072e-01
8.231106299708428331e-01
5.363292248881785795e-01
-2.246553984879120502e-01
2.634784326949277666e-01
-8.825629755665767018e-01
-7.878623270395423983e-01
1.104440067174090601e-01
4.818674216478955330e-01
-4.120042949790456710e-01
-9.732627908290281127e-01
-9.098510755415341045e-01
-3.400060232606447741e-01
-2.556955838614856091e-01
8.127262636233847370e-01
3.804531948436498112e-01
7.642497712797573506e-01
5.110075680768251249e-01
4.013555188571473753e-01
5.267404381470170982e-01
-5.566835679342823084e-01
5.164624302729612371e-01
-4.783182822872849016e-01
3.969940988151248185e-01
1.105125281513033020e-01
-7.761017286601070708e-01
-8.034517161685772457e-01
4.915620331161985046e-01
-3.448425679729760773e-02
7.169069233535168006e-01
4.378949675610117609e-01
1.709613145365911357e-01
-4.897511243878944764e-01
2.212198281261910093e-01
-6.319832846012674032e-02
4.965868634415881999e-01
-4.895250740324983418e-01
9.740113559464076420e-01
8.970350335927641527e-01
9.623733381591350611e-01
-2.301028085911192012e-01
-6.117773558692833902e-01
-1.056967241085593479e-01
5.317933791595943482e-01
3.061595614331247273e-01
-9.737695092752114423e-01
-5.511774607017274619e-01
9.225533428327317154e-01
6.804786737069279390e-02
-8.618300342853824070e-01
1.430856874764216968e-01
5.536146814657625370e-01
8.179817504597663991e-01
-7.684794537942829518e-01
4.211449355858392085e-01
-7.805061931853090051e-01
2.784979145778709864e-01
8.375404017109278065e-02
-9.572874833621596302e-01
-6.507350975659653702e-01
-1.622627403972527471e-01
4.144944118083837559e-01
9.750404343620355796e-01
-4.457551744408370098e-01
-4.465564705837985482e-01
3.782258957044655201e-01
-9.004841368317317851e-02
1.925109829058284650e-01
7.025443050998672057e-01
5.039299384108228974e-01
-1.405157398198944030e-01
-2.730193781548786447e-01
3.826109333932423695e-01
2.025892464964653694e-01
3.292973640288057169e-01
-2.728752464037742520e-02
4.609179772319085266e-01
-5.315199155929002384e-01
6.211746154146209342e-01
-1.950633971725153071e-01
