-3.482096593715866550e-01
2.397994282508333352e-01
1.013656844118115963e-02
3.181377414950037341e-02
-2.130182603345822656e-01
9.804668564862835112e-01
9.381899359595888832e-01
7.726493356445163219e-01
-9.315229347403450877e-01
0.000000000000000000e+00
6.388625945119064120e-01
0.000000000000000000e+00
7.333677991918345906e-01
7.485941125252011386e-01
0.000000000000000000e+00
0.000000000000000000e+00
-7.193914001688783699e-03
6.156719719875249908e-01
6.724259479846679266e-01
5.615666791165687677e-01
-9.766921767473135674e-01
5.287792245270086511e-01
-5.273803091193873804e-02
6.717587487910530175e-01
-4.719225360202403685e-01
0.000000000000000000e+00
3.089201581944855945e-02
-6.301924793092272825e-01
6.343347651409112498e-01
2.427830387222460473e-01
-9.946172654403686586e-01
-6.828514537030883069e-01
2.273649731928901740e-01
-5.605954820165126584e-01
9.896735875991025111e-02
-8.303220059104754469e-01
-9.841722855730929975e-01
5.833169483829607760e-01
6.998054543007197204e-01
-2.982383644773114462e-01
0.000000000000000000e+00
1.388804204561435718e-01
-3.841195462349273892e-01
8.855011179880665217e-01
0.000000000000000000e+00
1.823034472996214461e-01
3.798265296626506249e-01
-3.871039213501066278e-01
-6.418434724811523662e-01
7.754966103861615778e-01
0.000000000000000000e+00
9.542813496074540325e-01
-4.264484537419817034e-01
6.062514892988832838e-01
5.091062599005942158e-01
-5.007813016802384887e-01
2.645653751286394240e-01
0.000000000000000000e+00
-7.587126691226797615e-01
-5.728450434254235279e-01
1.674069117589578326e-01
0.000000000000000000e+00
-5.760147698041531150e-01
1.164626113029458843e-01
-7.875296856408846580e-01
-2.868068396278602439e-01
-3.326893714870122754e-01
-3.677707387490385393e-01
0.000000000000000000e+00
0.000000000000000000e+00
-8.168121915028616620e-01
0.000000000000000000e+00
-1.965554955178521190e-01
-5.872158202975299446e-01
5.566895825921602814e-01
0.000000000000000000e+00
-3.696318895748920141e-01
-7.079924654367442116e-02
-1.825050077711212193e-01
-4.234557916980894454e-01
-9.124067546611993595e-01
6.373947568894067217e-02
1.360388015618563262e-01
-9.334524279183411544e-01
-1.089041194577202720e-01
4.643994184772144429e-01
-1.066927372729515877e-01
-2.064087633103874886e-01
-2.650481618661120198e-01
5.865564652174251048e-01
-7.722940978735697293e-01
-3.675625778293190038e-01
-1.857539431491865844e-01
-3.588614233441631551e-01
-7.728038437560544871e-01
-4.005832343684496699e-01
6.798226294650431267e-01
-9.006524424297230880e-01
5.894699911782130819e-02
3.049380822850320527e-01
-1.856074495265096491e-01
2.661216432421591449e-01
-5.274207692773931200e-01
7.822458078934562131e-01
7.038652846012427577e-01
3.113876686044516617e-01
-1.645979403725730261e-01
5.367933552059422908e-01
-5.261563172251519926e-01
-8.727440952183018741e-01
-4.784605689837124753e-01
7.280238754944488022e-01
-3.389439939698366544e-01
-8.789700393803459022e-01
6.799556112221056825e-01
5.785008453280560126e-01
-1.859462218712133463e-01
7.176986318561890954e-01
7.958766321247539022e-01
-8.277432439175105294e-01
8.446675569467083644e-01
-9.695441629724530497e-01
9.814716298341492617e-01
1.150621840110119809e-01
-6.780109363645649978e-01
2.481963048822795059e-01
-1.868461010090192165e-01
9.124377912711825189e-01
8.847137433770657644e-01
-5.524796230728648005e-01
-7.857956194952453455e-01
-9.234115595796659193e-01
2.439937466658608223e-01
-9.411343446203466190e-01
7.044609917012036870e-01
1.911638821564831670e-01
6.780456641699921239e-01
3.283724839692567787e-01
-9.805103126040464190e-01
-2.932197350765275434e-01
-2.504802229544236258e-01
2.955565139456750590e-01
1.929153545398731850e-01
-7.467874972525860855e-01
8.693888702179661809e-01
4.474193761987508289e-01
3.304866402517880886e-01
8.340299820392211849e-01
2.108605248213495376e-01
-2.976095207321449720e-03
-1.966792269131065751e-01
-7.377838198920350088e-02
9.097988456869929852e-01
4.986474873984567679e-01
3.210736766008825960e-01
3.638635207474234523e-01
-7.642630840497062206e-01
-6.090572953643282883e-01
4.816513380304376923e-02
4.282543101521030238e-01
-5.488839728750241065e-01
-1.984218558120192100e-01
-7.098150200964470358e-02
8.660971334481419870e-01
5.489011893858630753e-01
4.932093364271481484e-01
2.627217163417736590e-01
7.311092890426145186e-01
2.280726239237100827e-01
8.111617744992261070e-01
8.236067681384231509e-01
3.133256795061796218e-01
-7.376588633185869881e-01
3.816627550924618362e-01
1.615000398759716127e-01
-4.937538805094596750e-01
-5.102856387129062199e-01
7.774687981558294769e-01
-5.787867614058979093e-01
5.120075533592929329e-01
-3.334086455705012053e-01
-5.382537184605089564e-01
2.874306388416427716e-01
-8.513557234600011014e-02
3.042775609659211788e-01
-1.149787816961558296e-01
5.909869117318788945e-01
9.375364669149988117e-01
8.243343968436047664e-01
6.226282699820513411e-01
1.489569337048000097e-01
2.506165675840543727e-01
-1.153509572823792073e-01
3.380923656237699859e-02
4.857090944878661443e-01
9.905819325089948446e-01
-9.812771752907836209e-01
-2.020627002915931225e-01
-8.121412983301099509e-01
-2.807174774972749365e-01
3.939608183844249822e-01
2.228008416542215375e-01
2.500212868649041020e-01
1.777683792390627460e-02
5.121648757049368506e-02
-8.132814877466894021e-01
-3.864953353939799552e-01
-6.261342395188995713e-01
-5.442994882527840694e-02
-7.639226302411896707e-01
-1.909316560425899922e-01
-7.984531163776824592e-01
-1.426629722288210722e-01
-2.945876677388008513e-01
2.211564690786611553e-01
4.148453489507741843e-02
-8.301464811732921500e-01
-2.442079792492988233e-01
9.039198918440096708e-01
2.784968849550581993e-01
-7.991976155303357476e-01
5.088954704214829761e-01
-8.222125534659332491e-01
6.061731939957537563e-01
-3.491097409824761577e-02
-4.927869411475409578e-01
-1.040495011888362686e-01
-3.769065871575527638e-01
3.228840719926739933e-01
-9.914527013790825904e-01
3.722748867855105726e-01
2.526970512379840272e-01
-2.060451686325364129e-01
-2.191741618512244028e-01
-4.180104690604105055e-01
-4.715258774670716413e-02
-2.911769186293027278e-01
8.182053496116512559e-01
5.103867086223916605e-01
6.298746955936020964e-01
-6.938216322559176419e-01
3.714421432757919472e-01
5.825358048577689019e-02
-6.065255695746480935e-01
5.202010320492886919e-01
-7.399846290023937012e-01
3.251370042247774261e-01
4.807158704372649360e-01
-6.032102753073780299e-01
-5.646645786258996935e-01
-9.144893406668843649e-01
-1.392679840285522275e-01
6.759071426455640630e-01
4.638655798292170562e-01
-2.570164005646762284e-01
7.284648176452130919e-01
7.506632090651790268e-01
5.742028454172323215e-01
-6.357711190761412556e-01
4.894276139118480806e-01
3.162621634825313333e-01
-6.014244172084957096e-01
4.563078960589048716e-01
-3.565782768853413831e-01
-8.661016151459783874e-01
