0.000000000000000000e+00
8.956549741186987657e-01
0.000000000000000000e+00
0.000000000000000000e+00
6.709977562588991251e-01
4.719399781370465785e-01
3.394608028804417810e-01
-3.837270848217115837e-01
2.118883313569248639e-01
2.136034672816757851e-01
0.000000000000000000e+00
-6.832342594903888511e-01
-1.386607194174627189e-01
-2.129363595892572736e-01
4.460241624749317069e-01
0.000000000000000000e+00
0.000000000000000000e+00
0.000000000000000000e+00
-1.102916225482928336e-01
-4.635185167013438079e-01
-9.281513412142847752e-01
-9.451102858183619837e-01
-7.021227580537581225e-02
-3.630697442926451579e-01
-2.399701561985767562e-01
7.835789156565748925e-01
5.150553829205661849e-02
0.000000000000000000e+00
-5.277531857698758433e-01
-9.522838417184356086e-01
-3.497141424776799568e-01
-7.266052140270666815e-01
2.044769167440230184e-02
0.000000000000000000e+00
3.489593946917401990e-01
-6.363130063537112413e-01
7.871430731659769808e-01
5.935198428432790774e-01
4.688033837879554966e-01
8.131872997951219428e-01
1.000000000000000000e+00
0.000000000000000000e+00
0.000000000000000000e+00
0.000000000000000000e+00
0.000000000000000000e+00
0.000000000000000000e+00
5.080081433037442196e-01
4.303017964749069613e-01
-7.718660451604475448e-02
6.071143224689001805e-02
-1.997215629961734962e-02
8.496641441891406021e-01
0.000000000000000000e+00
0.000000000000000000e+00
-2.921515902625682060e-01
7.657018371625061715e-01
0.000000000000000000e+00
-7.797567023672469233e-02
1.354101408404886353e-01
0.000000000000000000e+00
0.000000000000000000e+00
-2.678289027682989598e-02
-5.563779780179782808e-01
-3.506655124622040098e-01
3.991432761404871687e-01
0.000000000000000000e+00
0.000000000000000000e+00
0.000000000000000000e+00
0.000000000000000000e+00
0.000000000000000000e+00
9.147234231123160253e-01
0.000000000000000000e+00
8.497633966635165237e-03
3.549551229710412592e-02
3.028287979335815283e-01
0.000000000000000000e+00
1.000000000000000000e+00
-5.843630509241455329e-01
2.378331671056499452e-02
8.683087182675572890e-01
2.465301734517446608e-01
-8.492492618519091874e-01
6.407999894240337113e-01
4.518985749545962882e-01
8.153072419026416995e-01
-6.171945333917649990e-01
0.000000000000000000e+00
0.000000000000000000e+00
0.000000000000000000e+00
0.000000000000000000e+00
-5.467669415104738917e-01
1.000000000000000000e+00
1.000000000000000000e+00
4.472533071785989023e-02
7.078860143697440765e-01
-5.103360440619661986e-01
-5.790421226087070217e-01
7.611635187325598295e-01
-1.541647032206079349e-01
4.339221978099505606e-01
0.000000000000000000e+00
-2.752861773935186829e-01
0.000000000000000000e+00
3.455308828270835519e-01
-8.341936451908489314e-01
0.000000000000000000e+00
-9.493105703461979239e-01
1.000000000000000000e+00
1.000000000000000000e+00
-4.886198918851147877e-01
6.267087748045516715e-01
-6.857634226264501809e-01
0.000000000000000000e+00
0.000000000000000000e+00
-2.288682372948789290e-01
1.000000000000000000e+00
9.800030924056022386e-01
-6.971597824868969173e-01
0.000000000000000000e+00
-3.115979889264106628e-01
2.304789666497151224e-01
0.000000000000000000e+00
-7.737701939638461646e-01
-3.255724536067094999e-01
1.000000000000000000e+00
0.000000000000000000e+00
5.319398731761562082e-01
0.000000000000000000e+00
8.040403167000735873e-01
0.000000000000000000e+00
1.000000000000000000e+00
4.106902801015310800e-01
-5.444097580337459164e-02
-5.489448593042247637e-01
3.216569973140277483e-01
0.000000000000000000e+00
0.000000000000000000e+00
-1.043562771616977081e-01
7.495260826959346812e-01
-7.449270707624242593e-01
1.699113962212148721e-01
0.000000000000000000e+00
2.960539352835422910e-02
-7.123410720461120782e-01
9.194623729743216511e-01
-4.818071534955890023e-01
0.000000000000000000e+00
0.000000000000000000e+00
-9.639335617501467723e-01
1.159002476781598734e-01
0.000000000000000000e+00
0.000000000000000000e+00
0.000000000000000000e+00
-6.776699696375316773e-01
-8.082561127336336249e-01
2.701513950773337669e-01
0.000000000000000000e+00
0.000000000000000000e+00
0.000000000000000000e+00
0.000000000000000000e+00
-5.350523186643798557e-01
0.000000000000000000e+00
0.000000000000000000e+00
0.000000000000000000e+00
0.000000000000000000e+00
0.000000000000000000e+00
4.189966076586992827e-01
-4.867814230239300155e-01
-1.539661544749568733e-01
5.237988756116918054e-02
-9.903504378927432406e-01
0.000000000000000000e+00
-1.825471645558514044e-01
0.000000000000000000e+00
4.475393457386098728e-01
-5.182689711166734714e-01
0.000000000000000000e+00
-6.364798433991494253e-01
0.000000000000000000e+00
0.000000000000000000e+00
0.000000000000000000e+00
-7.119377771231949481e-02
-3.805478582451740088e-01
0.000000000000000000e+00
-5.751005160110205239e-01
1.000000000000000000e+00
0.000000000000000000e+00
4.578620911550486117e-01
0.000000000000000000e+00
0.000000000000000000e+00
1.621526120803189475e-01
-8.975305127883399514e-01
1.000000000000000000e+00
5.012906463952360170e-02
0.000000000000000000e+00
1.000000000000000000e+00
6.053104174107721835e-01
-2.676320669132041807e-01
0.000000000000000000e+00
8.429006951837385575e-01
1.000000000000000000e+00
-4.208384649396734734e-01
0.000000000000000000e+00
-2.555465801317318153e-01
-9.618897903807908101e-01
3.706213446297390579e-01
0.000000000000000000e+00
0.000000000000000000e+00
6.812233742376816448e-01
3.451435092895320800e-01
0.000000000000000000e+00
-9.715308159603530669e-02
0.000000000000000000e+00
1.000000000000000000e+00
-5.835062132844046623e-01
0.000000000000000000e+00
-8.524213730494940577e-01
-4.312812980392282114e-01
0.000000000000000000e+00
8.705408680970221358e-01
-8.469035592799594170e-01
0.000000000000000000e+00
-6.152817440663522763e-01
0.000000000000000000e+00
-2.164380592715045015e-01
-7.355123550198516824e-02
5.071610114714366624e-01
0.000000000000000000e+00
-7.565410397326608472e-01
1.000000000000000000e+00
0.000000000000000000e+00
1.000000000000000000e+00
2.819831876621301525e-01
9.193371267916243816e-01
3.853050933092991848e-01
-9.506624546917978869e-01
0.000000000000000000e+00
5.544238692995973050e-01
0.000000000000000000e+00
0.000000000000000000e+00
-2.848307645380563358e-01
-8.592857209643001148e-02
5.974441673593595681e-01
-4.621150123446948754e-01
5.260748961260031109e-02
0.000000000000000000e+00
9.093936939226616722e-01
6.086999538386754782e-01
8.641077204364768782e-01
0.000000000000000000e+00
-4.064726621706513665e-01
-5.367452776968550943e-01
-2.242105310327313639e-02
0.000000000000000000e+00
0.000000000000000000e+00
0.000000000000000000e+00
8.371604544566704220e-01
1.718011606902014599e-01
6.357065077982999579e-01
0.000000000000000000e+00
-2.878855440596583826e-01
9.954960427472614448e-01
0.000000000000000000e+00
0.000000000000000000e+00
-8.663212090943677168e-01
