-5.179671407307486763e-01
9.185054954791083137e-01
-6.621928171922462081e-01
0.000000000000000000e+00
-9.366716943276662821e-01
-3.055358310293621038e-02
-8.979291124103194743e-01
0.000000000000000000e+00
0.000000000000000000e+00
3.300394996311839524e-01
0.000000000000000000e+00
7.026424191328737301e-01
5.652191940030681927e-01
0.000000000000000000e+00
-7.007758421632170887e-01
0.000000000000000000e+00
0.000000000000000000e+00
0.000000000000000000e+00
0.000000000000000000e+00
-2.895947878051881030e-01
0.000000000000000000e+00
0.000000000000000000e+00
-9.984324380414824063e-01
2.223658326681960951e-01
-8.460297666381910719e-01
0.000000000000000000e+00
9.966364415381012698e-01
2.728913480482297871e-02
5.443265718685836863e-01
-7.003044018900328460e-02
7.724794752566488398e-03
2.308642424190430198e-01
7.936715493375503527e-01
-3.464795712424730834e-01
-4.212516802896091317e-01
-7.400704472304744375e-01
4.099224681395414738e-01
2.114844666655839589e-01
8.236968836794567039e-02
0.000000000000000000e+00
1.704991897742083040e-01
-2.088564064354319072e-01
1.416459095748856534e-02
-6.677327901346525874e-01
0.000000000000000000e+00
-1.419130601703486594e-01
5.922771784138685103e-01
-2.062688666126890613e-01
-5.911753663165240091e-01
8.130440677726813448e-02
9.541494554867813171e-01
-4.934020164714263412e-01
5.031672362495827056e-01
8.907096138653014528e-02
0.000000000000000000e+00
1.883875094448959064e-01
-8.163480677123671203e-01
0.000000000000000000e+00
2.286836913210563704e-01
-8.900869790718664021e-01
0.000000000000000000e+00
-2.588654661985090311e-01
5.160795444891064232e-01
2.598290773857689917e-01
-2.330488211414882826e-01
9.912858342740646922e-01
-5.359726299899203461e-01
2.110002031508173559e-01
-9.880863127365282494e-01
7.923050466909338230e-01
-4.480731901119727745e-02
-9.313217169444170107e-01
7.440977846119016803e-01
6.503832742565793801e-01
-4.201498351597510172e-01
-1.678997301525453345e-02
-9.775071142404159197e-01
-1.252680127922745079e-01
-3.454283847332157986e-01
-8.083569990691485962e-01
1.951760137857829758e-01
-9.544416918318057164e-01
6.743829946084027860e-01
3.168041268802386234e-01
5.093391774827467078e-01
-2.999909333981976012e-02
3.496047097779746426e-01
0.000000000000000000e+00
-4.661094713580327120e-01
5.801416342268606030e-03
-9.449443670051262956e-01
0.000000000000000000e+00
5.079194806163942477e-01
-6.526007241066669184e-01
5.005114516394995050e-01
5.687519609589766212e-01
-1.910181007490623362e-01
3.499863687922364353e-01
0.000000000000000000e+00
7.280482011968429923e-01
-7.302594921875082967e-01
-6.748597100454183373e-01
-2.366731615022461543e-01
0.000000000000000000e+00
-4.103622562311872723e-01
-9.791995244822677691e-01
1.148433456926343244e-01
9.338275194439278337e-01
0.000000000000000000e+00
7.599884048154770255e-02
-2.353416895224711425e-01
0.000000000000000000e+00
7.409874152603386221e-01
1.000000000000000000e+00
2.981304844228074291e-01
0.000000000000000000e+00
7.713834510903683217e-02
8.294062510536344135e-01
0.000000000000000000e+00
6.487408625048216582e-01
-3.916613856895707624e-01
2.926165453851481413e-01
0.000000000000000000e+00
3.068188822682258454e-01
0.000000000000000000e+00
6.814095366075116900e-01
-8.141024036935053942e-01
2.666288049610328059e-01
-2.177483797640757945e-01
6.093197834721131301e-02
7.018821708789215741e-01
5.957297608952274448e-01
2.576803429296197212e-01
-3.838414394710794042e-01
1.000000000000000000e+00
-8.492357192482180572e-02
0.000000000000000000e+00
0.000000000000000000e+00
0.000000000000000000e+00
0.000000000000000000e+00
6.372327474860628449e-01
-2.415718010575005348e-01
-2.707932410580424776e-01
-3.632169759857299951e-01
-8.452288756562247318e-01
-8.523959871083053308e-02
-6.670056358339837566e-01
0.000000000000000000e+00
-4.160256764134531160e-01
7.891464104333418828e-01
8.434849041474716813e-01
-1.160070301484059652e-01
2.792404475197804992e-01
0.000000000000000000e+00
0.000000000000000000e+00
-8.008912222427531091e-01
0.000000000000000000e+00
0.000000000000000000e+00
3.569413102599623411e-01
-2.524233432809350752e-01
-2.878041693531792067e-01
5.901952704098971658e-01
-5.336558331752478956e-01
6.170727394610611150e-01
2.658133265079014595e-01
1.000000000000000000e+00
6.470382325264365520e-01
-3.154935049899763033e-01
0.000000000000000000e+00
8.518518447145451145e-01
0.000000000000000000e+00
1.000000000000000000e+00
8.975642222238593426e-01
4.851198106918441777e-01
5.020140962872021717e-01
7.386203066186314281e-01
0.000000000000000000e+00
0.000000000000000000e+00
9.581383722478857834e-01
-4.167880634674516749e-01
0.000000000000000000e+00
3.413158665995161822e-01
-2.651314540418145960e-01
-2.096444296240826954e-01
0.000000000000000000e+00
9.154245987733324874e-01
-2.919929557929228370e-01
-4.673197734806722181e-02
7.871301311778318155e-01
-6.270998222398871391e-01
0.000000000000000000e+00
-7.458885316850254465e-01
-9.439409508665002058e-01
0.000000000000000000e+00
0.000000000000000000e+00
0.000000000000000000e+00
0.000000000000000000e+00
0.000000000000000000e+00
-1.271442024650280000e-01
8.537281036961719138e-02
-5.264605011780436605e-01
1.000000000000000000e+00
0.000000000000000000e+00
-4.306933511957899974e-01
2.756120249733344796e-01
0.000000000000000000e+00
-3.672989576737684114e-01
1.000000000000000000e+00
-8.099091802430737896e-01
-7.156000914591604811e-01
-5.913087676267099191e-01
0.000000000000000000e+00
0.000000000000000000e+00
0.000000000000000000e+00
-3.146201940251081020e-01
-5.070372118452604049e-01
-5.198231379980362554e-01
2.212095118590049481e-01
-3.270838269577009960e-01
-2.544219397310267805e-01
5.356331260718589782e-01
1.000000000000000000e+00
0.000000000000000000e+00
7.016472080806119838e-01
-1.404452406823353261e-01
5.576069991575480778e-01
-7.344131123873873790e-01
0.000000000000000000e+00
6.907479780378167344e-01
0.000000000000000000e+00
0.000000000000000000e+00
0.000000000000000000e+00
0.000000000000000000e+00
9.947024591884137124e-01
-2.153944258902216191e-01
-5.241324767707156163e-02
2.389714102651330219e-01
0.000000000000000000e+00
1.000000000000000000e+00
0.000000000000000000e+00
0.000000000000000000e+00
0.000000000000000000e+00
9.698672070460032657e-01
0.000000000000000000e+00
6.815827144913217950e-01
-9.084759400184538869e-02
0.000000000000000000e+00
4.953358251819151015e-02
-9.076852816514471289e-01
-7.834913365344509106e-01
0.000000000000000000e+00
0.000000000000000000e+00
8.747688520149505820e-01
0.000000000000000000e+00
8.301805581911532173e-01
-8.453269989398444206e-01
-3.883793136821254155e-01
5.958554850120874047e-01
-9.823090992428886725e-01
-7.880800415770028433e-01
0.000000000000000000e+00
0.000000000000000000e+00
1.000000000000000000e+00
0.000000000000000000e+00
-8.161541471479651921e-01
