-8.277012868022013414e-01
0.000000000000000000e+00
0.000000000000000000e+00
2.961641555662721803e-01
0.000000000000000000e+00
-4.072349609346084254e-01
-5.366007133066184043e-01
3.414646518998833979e-01
3.621980149956740558e-01
-1.223083261768440622e-01
4.798953662795302222e-02
-7.758594728109518002e-01
0.000000000000000000e+00
8.998774434456049409e-01
0.000000000000000000e+00
-8.076910774582084507e-01
3.300272298754691747e-02
4.307296352709226728e-01
0.000000000000000000e+00
7.897932999955290523e-01
-7.811807174405616117e-02
4.064624195463515388e-01
0.000000000000000000e+00
9.902660751127183580e-01
0.000000000000000000e+00
0.000000000000000000e+00
-7.104699542126178269e-01
0.000000000000000000e+00
0.000000000000000000e+00
1.903283504136106252e-01
0.000000000000000000e+00
-6.391510159841702343e-01
0.000000000000000000e+00
9.973671363851039917e-01
3.489593946917401990e-01
-6.363130063537112413e-01
7.871430731659769808e-01
0.000000000000000000e+00
4.688033837879554966e-01
0.000000000000000000e+00
5.257709676661419529e-01
0.000000000000000000e+00
-2.924260443167929768e-01
9.619531461442532017e-01
0.000000000000000000e+00
-6.776306933919622466e-01
0.000000000000000000e+00
4.303017964749069613e-01
-7.718660451604475448e-02
6.071143224689001805e-02
0.000000000000000000e+00
8.496641441891406021e-01
1.682125261309730391e-03
6.630489795836245204e-01
-2.921515902625682060e-01
7.657018371625061715e-01
0.000000000000000000e+00
-7.797567023672469233e-02
1.354101408404886353e-01
8.406608783838576127e-01
4.475459077440366862e-01
-2.678289027682989598e-02
-5.563779780179782808e-01
-3.506655124622040098e-01
3.991432761404871687e-01
-6.678606290117476973e-01
8.158809932521891017e-01
-4.637249742003672903e-01
8.227556717360935412e-01
0.000000000000000000e+00
0.000000000000000000e+00
4.124116127352093208e-01
8.497633966635165237e-03
3.549551229710412592e-02
3.028287979335815283e-01
1.758894235889691959e-01
-3.763113508979996080e-01
-5.843630509241455329e-01
2.378331671056499452e-02
8.683087182675572890e-01
2.465301734517446608e-01
-8.492492618519091874e-01
6.407999894240337113e-01
4.518985749545962882e-01
8.153072419026416995e-01
-6.171945333917649990e-01
4.895654485547082935e-01
-8.824822072026885511e-01
3.058198548690993501e-01
-4.538005353257013041e-01
-5.467669415104738917e-01
7.509823428964756964e-01
0.000000000000000000e+00
4.472533071785989023e-02
7.078860143697440765e-01
0.000000000000000000e+00
-5.790421226087070217e-01
7.611635187325598295e-01
-1.541647032206079349e-01
4.339221978099505606e-01
-9.362538597465097645e-01
0.000000000000000000e+00
-6.562380157485352417e-01
3.455308828270835519e-01
-8.341936451908489314e-01
9.091243306914953415e-01
-9.493105703461979239e-01
4.588470148836081286e-01
0.000000000000000000e+00
-4.886198918851147877e-01
6.267087748045516715e-01
-6.857634226264501809e-01
0.000000000000000000e+00
0.000000000000000000e+00
-2.288682372948789290e-01
-9.136780084050013517e-01
9.800030924056022386e-01
0.000000000000000000e+00
-9.274620115131719800e-01
-3.115979889264106628e-01
0.000000000000000000e+00
4.849192462515592439e-01
-7.737701939638461646e-01
-3.255724536067094999e-01
-9.383782847466228816e-01
0.000000000000000000e+00
5.319398731761562082e-01
4.798933274414010075e-01
8.040403167000735873e-01
5.113243073501285707e-01
7.248915526508556972e-01
4.106902801015310800e-01
-5.444097580337459164e-02
-5.489448593042247637e-01
0.000000000000000000e+00
-3.673881465434816196e-01
-7.959017899006035623e-01
0.000000000000000000e+00
0.000000000000000000e+00
-7.449270707624242593e-01
0.000000000000000000e+00
-2.140948997896652273e-01
2.960539352835422910e-02
0.000000000000000000e+00
0.000000000000000000e+00
-4.818071534955890023e-01
0.000000000000000000e+00
-1.604889086885061822e-01
-9.639335617501467723e-01
1.159002476781598734e-01
-7.188612420773314859e-01
-8.864380083536071986e-01
-9.328875075027061037e-01
0.000000000000000000e+00
-8.082561127336336249e-01
2.701513950773337669e-01
1.651836807128725937e-02
9.669321880950554338e-01
8.682606373936134769e-01
9.890504665190062994e-01
-5.350523186643798557e-01
-1.106050897606065675e-01
-4.984384763176856747e-01
1.824746910959960111e-01
2.483281015095646360e-01
6.004149112687926504e-01
4.189966076586992827e-01
-4.867814230239300155e-01
-1.539661544749568733e-01
5.237988756116918054e-02
-9.903504378927432406e-01
-9.290011765844707892e-01
-1.825471645558514044e-01
-7.776500655400480078e-01
0.000000000000000000e+00
-5.182689711166734714e-01
0.000000000000000000e+00
0.000000000000000000e+00
-5.369491412457183532e-01
-5.652927305632815536e-01
4.147272809579494179e-02
-7.119377771231949481e-02
0.000000000000000000e+00
2.835175153613493926e-01
0.000000000000000000e+00
8.131253534633648972e-01
9.262333096584753900e-01
4.578620911550486117e-01
-1.325322624206699551e-01
2.300268443409536623e-02
1.621526120803189475e-01
0.000000000000000000e+00
-1.639672230350872617e-01
5.012906463952360170e-02
0.000000000000000000e+00
-8.124264230833633249e-01
0.000000000000000000e+00
0.000000000000000000e+00
3.841938019797108694e-02
8.429006951837385575e-01
2.210206742060605301e-01
-4.208384649396734734e-01
9.670421471066374952e-01
-2.555465801317318153e-01
-9.618897903807908101e-01
3.706213446297390579e-01
-7.976762487736863694e-01
-3.881552785874702316e-01
6.812233742376816448e-01
3.451435092895320800e-01
-9.685558555713236206e-01
-9.715308159603530669e-02
-1.786512488529861109e-01
-2.827411199599771940e-02
-5.835062132844046623e-01
1.774901243084165969e-01
0.000000000000000000e+00
-4.312812980392282114e-01
-2.541957899060640624e-01
8.705408680970221358e-01
-8.469035592799594170e-01
5.099682284957973710e-01
-6.152817440663522763e-01
1.431054826586617423e-01
0.000000000000000000e+00
0.000000000000000000e+00
5.071610114714366624e-01
-2.099148796842742470e-01
-7.565410397326608472e-01
0.000000000000000000e+00
-8.389785644927403307e-01
7.001417478096958469e-01
0.000000000000000000e+00
9.193371267916243816e-01
3.853050933092991848e-01
0.000000000000000000e+00
3.183193276878368838e-01
5.544238692995973050e-01
4.470365599662593503e-01
-4.100959140765025879e-03
-2.848307645380563358e-01
-8.592857209643001148e-02
5.974441673593595681e-01
-4.621150123446948754e-01
0.000000000000000000e+00
-4.488091588695630740e-02
9.093936939226616722e-01
6.086999538386754782e-01
8.641077204364768782e-01
6.720111471447880458e-01
0.000000000000000000e+00
-5.367452776968550943e-01
-2.242105310327313639e-02
-4.811893172776535721e-01
-1.446923360881429144e-01
3.582804307222977602e-01
8.371604544566704220e-01
1.718011606902014599e-01
0.000000000000000000e+00
0.000000000000000000e+00
-2.878855440596583826e-01
9.954960427472614448e-01
-7.069979040875371545e-01
0.000000000000000000e+00
-8.663212090943677168e-01
