9.120685437784987748e-01
8.956549741186987657e-01
-8.868972645463826243e-01
-8.302560096821567370e-01
6.709977562588991251e-01
0.000000000000000000e+00
0.000000000000000000e+00
-3.837270848217115837e-01
0.000000000000000000e+00
0.000000000000000000e+00
1.624080342240061814e-01
-6.832342594903888511e-01
-1.386607194174627189e-01
-2.129363595892572736e-01
0.000000000000000000e+00
9.896391258994854390e-01
0.000000000000000000e+00
0.000000000000000000e+00
-1.102916225482928336e-01
0.000000000000000000e+00
-9.281513412142847752e-01
-9.451102858183619837e-01
-7.021227580537581225e-02
-3.630697442926451579e-01
-2.399701561985767562e-01
0.000000000000000000e+00
1.000000000000000000e+00
1.210207220529977423e-01
-5.277531857698758433e-01
0.000000000000000000e+00
-3.497141424776799568e-01
0.000000000000000000e+00
0.000000000000000000e+00
0.000000000000000000e+00
0.000000000000000000e+00
-6.363130063537112413e-01
7.871430731659769808e-01
0.000000000000000000e+00
0.000000000000000000e+00
8.131872997951219428e-01
5.257709676661419529e-01
5.794952749235264822e-01
-2.924260443167929768e-01
9.619531461442532017e-01
9.238018757964514549e-01
-6.776306933919622466e-01
0.000000000000000000e+00
4.303017964749069613e-01
-7.718660451604475448e-02
6.071143224689001805e-02
-1.997215629961734962e-02
0.000000000000000000e+00
1.682125261309730391e-03
0.000000000000000000e+00
-2.921515902625682060e-01
7.657018371625061715e-01
7.994011775132514597e-01
0.000000000000000000e+00
1.354101408404886353e-01
8.406608783838576127e-01
4.475459077440366862e-01
-2.678289027682989598e-02
-5.563779780179782808e-01
-3.506655124622040098e-01
0.000000000000000000e+00
0.000000000000000000e+00
8.158809932521891017e-01
0.000000000000000000e+00
0.000000000000000000e+00
0.000000000000000000e+00
0.000000000000000000e+00
0.000000000000000000e+00
0.000000000000000000e+00
3.549551229710412592e-02
0.000000000000000000e+00
0.000000000000000000e+00
-3.763113508979996080e-01
-5.843630509241455329e-01
2.378331671056499452e-02
8.683087182675572890e-01
0.000000000000000000e+00
-8.492492618519091874e-01
1.000000000000000000e+00
0.000000000000000000e+00
8.153072419026416995e-01
-6.171945333917649990e-01
4.895654485547082935e-01
0.000000000000000000e+00
3.058198548690993501e-01
-4.538005353257013041e-01
0.000000000000000000e+00
7.509823428964756964e-01
-7.874680347089502153e-01
0.000000000000000000e+00
7.078860143697440765e-01
-5.103360440619661986e-01
-5.790421226087070217e-01
7.611635187325598295e-01
0.000000000000000000e+00
0.000000000000000000e+00
-9.362538597465097645e-01
-2.752861773935186829e-01
-6.562380157485352417e-01
1.000000000000000000e+00
-8.341936451908489314e-01
9.091243306914953415e-01
-9.493105703461979239e-01
4.588470148836081286e-01
0.000000000000000000e+00
0.000000000000000000e+00
6.267087748045516715e-01
0.000000000000000000e+00
0.000000000000000000e+00
0.000000000000000000e+00
-2.288682372948789290e-01
0.000000000000000000e+00
9.800030924056022386e-01
1.000000000000000000e+00
-9.274620115131719800e-01
-3.115979889264106628e-01
0.000000000000000000e+00
4.849192462515592439e-01
-7.737701939638461646e-01
0.000000000000000000e+00
-9.383782847466228816e-01
-1.026934750154120390e-01
5.319398731761562082e-01
0.000000000000000000e+00
0.000000000000000000e+00
5.113243073501285707e-01
7.248915526508556972e-01
4.106902801015310800e-01
-5.444097580337459164e-02
-5.489448593042247637e-01
3.216569973140277483e-01
-3.673881465434816196e-01
-7.959017899006035623e-01
0.000000000000000000e+00
7.495260826959346812e-01
-7.449270707624242593e-01
1.699113962212148721e-01
0.000000000000000000e+00
2.960539352835422910e-02
-7.123410720461120782e-01
9.194623729743216511e-01
0.000000000000000000e+00
2.121558781070054245e-01
-1.604889086885061822e-01
0.000000000000000000e+00
1.159002476781598734e-01
-7.188612420773314859e-01
-8.864380083536071986e-01
0.000000000000000000e+00
-6.776699696375316773e-01
0.000000000000000000e+00
2.701513950773337669e-01
1.651836807128725937e-02
9.669321880950554338e-01
8.682606373936134769e-01
9.890504665190062994e-01
-5.350523186643798557e-01
0.000000000000000000e+00
-4.984384763176856747e-01
1.000000000000000000e+00
2.483281015095646360e-01
6.004149112687926504e-01
4.189966076586992827e-01
0.000000000000000000e+00
-1.539661544749568733e-01
5.237988756116918054e-02
0.000000000000000000e+00
0.000000000000000000e+00
-1.825471645558514044e-01
-7.776500655400480078e-01
0.000000000000000000e+00
-5.182689711166734714e-01
-8.004538264900180611e-01
0.000000000000000000e+00
-5.369491412457183532e-01
-5.652927305632815536e-01
4.147272809579494179e-02
-7.119377771231949481e-02
-3.805478582451740088e-01
2.835175153613493926e-01
-5.751005160110205239e-01
8.131253534633648972e-01
9.262333096584753900e-01
0.000000000000000000e+00
0.000000000000000000e+00
0.000000000000000000e+00
0.000000000000000000e+00
-8.975305127883399514e-01
-1.639672230350872617e-01
5.012906463952360170e-02
-6.375498783496569288e-01
-8.124264230833633249e-01
6.053104174107721835e-01
-2.676320669132041807e-01
3.841938019797108694e-02
0.000000000000000000e+00
0.000000000000000000e+00
0.000000000000000000e+00
9.670421471066374952e-01
0.000000000000000000e+00
-9.618897903807908101e-01
3.706213446297390579e-01
-7.976762487736863694e-01
-3.881552785874702316e-01
6.812233742376816448e-01
3.451435092895320800e-01
-9.685558555713236206e-01
-9.715308159603530669e-02
-1.786512488529861109e-01
-2.827411199599771940e-02
-5.835062132844046623e-01
1.774901243084165969e-01
-8.524213730494940577e-01
-4.312812980392282114e-01
-2.541957899060640624e-01
8.705408680970221358e-01
-8.469035592799594170e-01
5.099682284957973710e-01
-6.152817440663522763e-01
1.431054826586617423e-01
-2.164380592715045015e-01
-7.355123550198516824e-02
5.071610114714366624e-01
0.000000000000000000e+00
-7.565410397326608472e-01
-7.564598005569200811e-01
0.000000000000000000e+00
7.001417478096958469e-01
2.819831876621301525e-01
9.193371267916243816e-01
0.000000000000000000e+00
-9.506624546917978869e-01
3.183193276878368838e-01
5.544238692995973050e-01
0.000000000000000000e+00
-4.100959140765025879e-03
-2.848307645380563358e-01
-8.592857209643001148e-02
5.974441673593595681e-01
0.000000000000000000e+00
0.000000000000000000e+00
-4.488091588695630740e-02
9.093936939226616722e-01
0.000000000000000000e+00
8.641077204364768782e-01
6.720111471447880458e-01
-4.064726621706513665e-01
0.000000000000000000e+00
0.000000000000000000e+00
-4.811893172776535721e-01
-1.446923360881429144e-01
3.582804307222977602e-01
8.371604544566704220e-01
1.718011606902014599e-01
6.357065077982999579e-01
-8.081053782826683740e-01
-2.878855440596583826e-01
9.954960427472614448e-01
-7.069979040875371545e-01
-1.664639130502225672e-01
0.000000000000000000e+00
