8.062663739015434317e-01
-7.398777852743583239e-01
7.327180383671501041e-01
7.422759462590762247e-01
-6.719671726371321263e-01
9.378090492063795303e-01
-4.877800330793318206e-01
1.321882781797982798e-01
5.829774043799325067e-01
5.652982983670400419e-01
2.345151428748040168e-01
5.828482859033203844e-01
-8.031359868287111237e-01
8.284617152879425461e-01
-5.200574782946443264e-02
4.500867692824523925e-01
7.183425424649783064e-01
1.537360495143698103e-01
-8.028893788824262856e-01
-9.680380579835341504e-01
-1.873315564265034538e-01
5.270479177045175323e-01
-2.565799497522174288e-01
0.000000000000000000e+00
4.232050204048272146e-01
5.134804531745038592e-01
0.000000000000000000e+00
3.071511923729646210e-01
-1.892323653067551348e-01
7.744422275662572464e-01
-2.665134519934377888e-01
8.486703466619416325e-01
-9.675997782033385342e-02
-2.921376039620187104e-01
-4.551031359531112486e-01
-7.868896740696069703e-01
6.094426529891705524e-01
0.000000000000000000e+00
1.888616535252580775e-01
-4.180726617571215442e-01
4.501274050555501560e-01
0.000000000000000000e+00
-9.282124684540571380e-02
-2.022295625441685729e-01
-7.624273081686230302e-01
-2.963467177201741798e-01
4.129723320713438728e-01
0.000000000000000000e+00
1.247161178325804087e-01
0.000000000000000000e+00
1.717844639373189430e-01
3.022000119819361341e-01
0.000000000000000000e+00
-4.824485546550243420e-01
-8.779737181956561720e-01
5.423921030542433463e-02
-4.928760818620558926e-01
0.000000000000000000e+00
7.149246754023075301e-01
-8.681777438454281182e-01
5.256134867004469413e-01
-9.759111252879648646e-02
-1.407700638316444763e-01
-8.364234474698228894e-02
7.272196644004385035e-01
-8.140224619005300699e-01
8.838941623296041605e-01
8.373128300707846083e-01
-1.333405020220617132e-01
0.000000000000000000e+00
6.024651191026211272e-01
0.000000000000000000e+00
0.000000000000000000e+00
4.311233254614841304e-01
0.000000000000000000e+00
5.802121909940411992e-01
-5.269539444048660926e-01
0.000000000000000000e+00
-4.663084253596967432e-01
-9.979758070789614965e-01
4.120419398799202160e-01
2.138452602916245393e-01
-5.207481958507913511e-01
6.258673688400857582e-01
0.000000000000000000e+00
5.288448213633336614e-01
0.000000000000000000e+00
0.000000000000000000e+00
3.158420018594327860e-01
0.000000000000000000e+00
0.000000000000000000e+00
6.269096040464947617e-01
1.893723520556411799e-02
7.260025706625006237e-01
6.485901485114484721e-01
-7.633234057993387722e-02
-2.166645737548964501e-01
-4.464466002849094561e-01
-6.789797438901423732e-02
-8.287727443217023371e-01
6.612847321146908541e-01
0.000000000000000000e+00
-8.488800305719497175e-01
-7.247854444825534426e-01
-3.025986519972598821e-01
0.000000000000000000e+00
2.369184352360869106e-01
-3.251997662309487058e-01
-5.651099660918805778e-01
-4.841551768563245872e-02
1.561363640484869642e-02
2.717045020047659243e-02
0.000000000000000000e+00
9.273069051504512217e-02
9.663132085891015244e-01
-2.837583984161258233e-01
4.062684224208834571e-01
-1.372040360948805215e-01
4.248998616888990387e-01
-2.076536250620049096e-01
6.026430089294081416e-01
0.000000000000000000e+00
0.000000000000000000e+00
4.906817154244862422e-01
0.000000000000000000e+00
3.709032333616599786e-01
3.856401596381973107e-01
-6.837439701712744178e-01
0.000000000000000000e+00
6.429403965567872525e-01
8.358265362722869796e-01
-1.748102436046592434e-01
-6.374050290045887301e-01
0.000000000000000000e+00
-9.743514783016657965e-01
5.514823148175862499e-03
9.590918542878439368e-01
-2.592649989908972774e-01
4.666078643249327307e-02
-7.377942572324578396e-01
5.372548479333361104e-01
-2.897460784171626003e-01
-4.287591258533376415e-01
6.284519338982414993e-01
3.912225964583884164e-01
1.492273641561010500e-01
4.299440100076858950e-01
-7.294657517818821102e-01
4.186660981047263252e-01
0.000000000000000000e+00
0.000000000000000000e+00
-3.507804961112401809e-01
-9.843727860136208818e-02
-8.139861731308717374e-01
-8.471296193922150941e-02
-4.979385321537233011e-02
1.287776600984689157e-01
-1.558047116096483720e-02
2.233808850402552171e-01
9.712559991507485613e-02
9.925153729250124623e-01
-6.813548486628624445e-01
0.000000000000000000e+00
4.885421043557056642e-01
5.698209821489070848e-01
-6.544653827066770901e-01
0.000000000000000000e+00
4.099863036515833947e-01
2.524728964186924163e-01
-3.535575369695906911e-01
0.000000000000000000e+00
-1.137923606354507289e-01
-4.794124772819343683e-01
-6.371538353129335697e-02
-5.725793731025359268e-01
4.912777005655410978e-01
9.334398250296331856e-01
4.454973196459248719e-01
0.000000000000000000e+00
0.000000000000000000e+00
8.933970104890014419e-01
7.434397573030278039e-01
6.594709413029711254e-01
4.528896028918538708e-01
-8.433424771585431579e-01
-3.660409489091625002e-01
0.000000000000000000e+00
2.031025127850603074e-01
-5.779486103682018872e-01
0.000000000000000000e+00
-1.535435748628732888e-02
4.489857715545066963e-01
7.695863104709730340e-01
-4.888261290721591656e-01
-6.117371674951985749e-01
1.610711489704468313e-01
-7.586220049318859182e-01
-9.433369522803687346e-01
0.000000000000000000e+00
5.636742483122203495e-01
6.824677425012477539e-01
-2.306595796260018094e-01
-6.341306951709735351e-02
1.425473106466559337e-01
-3.831799416725374385e-01
-3.248533152898391840e-01
-2.269239628599899472e-01
-4.783182822872849016e-01
3.969940988151248185e-01
0.000000000000000000e+00
-7.761017286601070708e-01
-8.034517161685772457e-01
4.915620331161985046e-01
-3.448425679729760773e-02
0.000000000000000000e+00
0.000000000000000000e+00
0.000000000000000000e+00
-4.897511243878944764e-01
2.212198281261910093e-01
-6.319832846012674032e-02
4.965868634415881999e-01
-4.895250740324983418e-01
9.740113559464076420e-01
8.970350335927641527e-01
9.623733381591350611e-01
-2.301028085911192012e-01
-6.117773558692833902e-01
-1.056967241085593479e-01
5.317933791595943482e-01
0.000000000000000000e+00
-9.737695092752114423e-01
-5.511774607017274619e-01
9.225533428327317154e-01
6.804786737069279390e-02
0.000000000000000000e+00
1.430856874764216968e-01
5.536146814657625370e-01
8.179817504597663991e-01
-7.684794537942829518e-01
4.211449355858392085e-01
0.000000000000000000e+00
2.784979145778709864e-01
8.375404017109278065e-02
-9.572874833621596302e-01
-6.507350975659653702e-01
-1.622627403972527471e-01
4.144944118083837559e-01
9.750404343620355796e-01
0.000000000000000000e+00
-4.465564705837985482e-01
0.000000000000000000e+00
-9.004841368317317851e-02
1.925109829058284650e-01
7.025443050998672057e-01
5.039299384108228974e-01
0.000000000000000000e+00
-2.730193781548786447e-01
3.826109333932423695e-01
2.025892464964653694e-01
3.292973640288057169e-01
-2.728752464037742520e-02
4.609179772319085266e-01
0.000000000000000000e+00
0.000000000000000000e+00
-1.950633971725153071e-01
