-5.179671407307486763e-01
9.185054954791083137e-01
-6.621928171922462081e-01
2.293828563231374851e-01
-9.366716943276662821e-01
-3.055358310293621038e-02
-8.979291124103194743e-01
-4.067399582675061964e-01
1.635978010594236753e-01
3.300394996311839524e-01
-8.326575562910936146e-01
7.026424191328737301e-01
5.652191940030681927e-01
1.965153816352198657e-01
-7.007758421632170887e-01
-7.185634741507340717e-01
-4.546743006098943329e-01
-5.480495650845123023e-01
6.403324257867548663e-01
-2.895947878051881030e-01
-3.295702644125024783e-01
-3.397473128280368293e-01
-9.984324380414824063e-01
2.223658326681960951e-01
-8.460297666381910719e-01
-2.429234520278824583e-01
9.966364415381012698e-01
-8.892553022005160734e-01
-3.379960801260941672e-01
-2.587758555285666340e-01
-1.699193222481494292e-01
9.721567578502445794e-01
9.361745336970588305e-01
6.637206225986751473e-01
3.140287600446285410e-01
5.487055733642083322e-01
6.972750167563068757e-01
-5.720781697763501761e-01
2.534542916601805196e-01
0.000000000000000000e+00
-6.674898223061918046e-01
-1.094875689435068633e-01
0.000000000000000000e+00
0.000000000000000000e+00
-7.364636056267959141e-02
-7.238763164861068411e-01
-2.511201540920176001e-01
0.000000000000000000e+00
9.001436078545355102e-02
-9.451802790026220258e-01
6.308885921849389788e-01
-4.317940836560640872e-01
0.000000000000000000e+00
2.502681464089147045e-01
0.000000000000000000e+00
0.000000000000000000e+00
-8.161529153263524794e-01
-9.585900872487129742e-01
4.481105981380208991e-01
1.683316994287809010e-02
-9.780193365818836693e-01
1.199212425420981276e-01
-8.324532049354980145e-01
-5.355522512234678345e-02
-1.356718910673126999e-02
-5.595765865641433301e-01
-6.798119156985042988e-01
-5.727803058317899598e-01
1.051124994541232649e-01
3.451740897313970713e-01
0.000000000000000000e+00
9.670040721068704492e-01
2.687272683992469879e-02
0.000000000000000000e+00
-5.591226428958886441e-01
0.000000000000000000e+00
0.000000000000000000e+00
-9.529492916580570849e-01
0.000000000000000000e+00
-7.912369215392693889e-01
7.621942508663925864e-02
8.316515873628025357e-01
2.763300307841820569e-01
9.807205435018895301e-01
1.787956408978164102e-01
1.070560933290676253e-02
-7.683325935172624632e-01
-7.793343997392598865e-01
7.454131328755249086e-01
4.055498420467738008e-01
0.000000000000000000e+00
3.192562703530632540e-02
8.765942503995449719e-02
2.942277727158748579e-01
-8.143654897025618400e-01
9.171316144222640965e-02
-9.200368747248852674e-01
0.000000000000000000e+00
0.000000000000000000e+00
5.536541246134973893e-01
9.493329101921690327e-01
1.301691284500061663e-02
9.929873269173632444e-01
8.415173450906900943e-01
-3.599950903795416934e-01
-2.434687373536936761e-01
-5.185638874724114444e-01
0.000000000000000000e+00
-1.109372010741334069e-01
3.141582289384503568e-02
3.780201140419161554e-01
0.000000000000000000e+00
0.000000000000000000e+00
1.856097652411334842e-01
0.000000000000000000e+00
8.299583782519075470e-01
-2.252764450607704916e-01
-7.622285683990377425e-01
-5.148839909413727156e-01
-5.559292516390128558e-01
-4.486962659383644247e-01
-4.561059103365114886e-01
-5.134857787894133718e-01
0.000000000000000000e+00
-1.492741276089890601e-01
-8.927823728834605177e-02
-5.164951988916743897e-01
7.875766200502467562e-01
6.428209011672338935e-01
1.317529758180340238e-01
-2.272764003213927353e-01
-1.197090481164755360e-01
-1.824027926416738055e-01
9.011286879554067930e-01
4.122368582232025513e-01
0.000000000000000000e+00
3.057793759490425867e-01
0.000000000000000000e+00
-9.088999980716314653e-01
6.990912932289239379e-02
4.947595690459383189e-01
9.074854648584040895e-02
-1.648380129957818241e-01
3.721244521792437254e-01
-5.440678010651622820e-01
2.650304366446107895e-01
-1.521748456329756749e-01
0.000000000000000000e+00
6.687527999931568434e-01
2.945746314767812013e-01
8.391885842116313388e-01
0.000000000000000000e+00
-4.727753427912591011e-01
-1.739568432189049219e-01
-9.300179781142550173e-01
-2.099104065895975868e-01
-8.916761603136791337e-02
-2.579621050991818265e-01
0.000000000000000000e+00
-7.597214462977097682e-02
0.000000000000000000e+00
5.745258199099110286e-01
6.468985386385845970e-01
-2.450278764937017240e-01
5.750086238311633569e-01
3.874483861660662498e-01
0.000000000000000000e+00
0.000000000000000000e+00
-4.898413234017160445e-01
-6.770404796476525711e-01
3.712303262970209072e-01
2.711249980603418486e-01
-1.161845154753446963e-01
1.273290720954873834e-01
4.082516718446991266e-01
-8.567836908783694749e-01
-5.895450228573950735e-01
0.000000000000000000e+00
0.000000000000000000e+00
-4.032488884921929806e-01
-2.550834957249441537e-01
9.204439610497996416e-01
0.000000000000000000e+00
0.000000000000000000e+00
0.000000000000000000e+00
0.000000000000000000e+00
0.000000000000000000e+00
-7.519576024309650997e-01
-4.031253711781861426e-01
-4.194828974552162748e-01
-7.706386358849481866e-01
2.017494692207533191e-01
1.445050077426659474e-01
0.000000000000000000e+00
-7.376468423072239933e-01
-5.202279361621544584e-01
1.399992650164880725e-01
-9.040805908010669523e-01
-4.915045129524528988e-01
-5.637191991169312466e-01
-8.061787886579505624e-01
-7.944645940813648277e-01
0.000000000000000000e+00
-4.553703360367999942e-01
4.136783853718568604e-01
6.171041110653958661e-01
0.000000000000000000e+00
9.028350895911749774e-01
7.468633804184157121e-01
2.558345762339320206e-01
-2.695473379274953007e-01
-3.400236150146902503e-01
-1.348731775859259852e-01
6.376508985873337032e-01
8.919132203257538194e-01
-7.725174291674856697e-01
-8.712374984574715597e-01
2.015217947310308233e-01
5.144918576058101767e-01
-1.355171460043178566e-01
-2.474956996633381756e-02
-6.029884000403002986e-01
2.852613335015476981e-01
0.000000000000000000e+00
8.420483064355424041e-01
-5.839260870163149875e-01
-9.951401162402584433e-01
8.352698152163426926e-01
9.582276239711151611e-02
-3.950776945751637292e-01
-1.951365197019305775e-02
2.625217165806410513e-01
-4.484432327524003892e-01
0.000000000000000000e+00
9.834390868057680812e-01
-5.776920609409437191e-01
0.000000000000000000e+00
4.984928291382024756e-01
1.499526914944089295e-01
-6.695648144230672560e-01
0.000000000000000000e+00
2.486587588408495364e-01
-7.374702810835775946e-01
-4.774443181179448548e-01
-7.641105875876275100e-02
-7.413874039545376160e-01
-2.592735174131166609e-01
0.000000000000000000e+00
-8.518899027149227088e-01
7.887942578231130764e-01
-9.220776457670794013e-01
7.848294871512271342e-01
3.929445434899383471e-01
-3.512135981982966726e-02
-8.955931754779653531e-01
-4.687559521078490388e-01
2.625476727165261259e-01
2.007465453486083629e-01
0.000000000000000000e+00
-5.029642810899876970e-01
0.000000000000000000e+00
6.196504109987532871e-01
1.404625819882987514e-02
-5.886999174790397138e-01
-9.786572863120075461e-01
