8.063694503900697974e-01
8.455800338317129849e-01
-1.789987847470511095e-01
-2.369291996972096026e-01
3.216723423161260698e-03
5.175429950963961190e-01
-8.447191094035353398e-01
-5.323270730820004459e-01
-4.752515842038074201e-01
-5.689629429742413258e-01
-6.330668277427728974e-01
-4.613863632615271548e-01
-4.711751054345323375e-01
-9.251128915257733620e-01
5.111800490913949169e-01
5.998348020612054299e-02
7.874365379517556107e-01
8.036083101370796733e-01
6.475362853064114965e-01
-1.268229002466592092e-01
6.317641418499595485e-01
-2.608826235396393134e-01
-6.835403535795494534e-01
5.966966904681445527e-01
5.386623680161448657e-01
-2.150192533942334450e-01
-2.050346465599128809e-01
2.580843157958656597e-01
8.394339006915196855e-02
-3.553953128926197191e-01
-7.635833210918610003e-01
-1.154981241931134495e-01
-3.103436000148271923e-01
-6.716104414491583796e-01
2.508530531931716379e-01
1.804169360618550488e-01
-9.624727774279107084e-01
-1.671357861717794879e-01
-5.776119317664685227e-02
3.100867426602986754e-01
2.824055640318849925e-01
4.208837708249624221e-02
-4.150147485465931485e-01
4.442515165434062219e-01
3.744608012454737622e-01
-9.074318255423647894e-01
6.257426554935354712e-01
-7.489219109109312988e-02
4.207465467706741347e-01
-3.324952825371223497e-01
8.597018838235976901e-01
-4.684819873526824274e-01
3.814259342559627175e-01
-8.855604091387876409e-01
-8.404853302745489696e-01
7.153415658139739008e-02
-5.847125741121139697e-01
-1.483385125706815355e-01
-8.172632744320116327e-01
-9.212937785490880049e-01
3.856407608446255075e-01
1.770799374671667703e-01
-7.109004164733756514e-01
-7.798568012057938148e-02
3.664404860766701244e-01
1.640993452600325586e-01
-4.839782795169964569e-01
5.227843316404792162e-01
4.224210843545057603e-01
-4.918049692446688770e-01
-5.803680952033585250e-01
7.652028110307722564e-01
-8.426244043593189570e-01
-2.631466628778029726e-01
-9.413022065995029219e-01
-5.966372428194059996e-01
1.622432148409638231e-01
4.158375119821451360e-01
-1.825050077711212193e-01
-4.234557916980894454e-01
-9.124067546611993595e-01
6.373947568894067217e-02
1.360388015618563262e-01
-9.334524279183411544e-01
-1.089041194577202720e-01
4.643994184772144429e-01
-1.066927372729515877e-01
-2.064087633103874886e-01
-2.650481618661120198e-01
5.865564652174251048e-01
-7.722940978735697293e-01
-3.675625778293190038e-01
-1.857539431491865844e-01
-3.588614233441631551e-01
-7.728038437560544871e-01
-4.005832343684496699e-01
6.798226294650431267e-01
-9.006524424297230880e-01
5.894699911782130819e-02
3.049380822850320527e-01
-1.856074495265096491e-01
5.738306461375159984e-01
8.544539342909882595e-01
-6.712924614744637530e-01
-7.121689859760258479e-01
9.566507374444406242e-01
4.029718805933504289e-01
5.356146204453178239e-01
9.550042185871503442e-01
9.004062949684261685e-01
1.842237059686446798e-01
-6.024441972765068876e-01
3.892825184580692710e-01
-2.197945322964198755e-01
2.913502219799879445e-01
-7.666563807278992115e-02
-6.603841782412089856e-02
1.024385218615613269e-01
4.614221181266802141e-01
-1.661059420436883372e-01
4.902944534704201107e-01
-9.685829368344014423e-01
-8.302609528079021306e-01
2.750915746827558017e-01
-4.199125235065614969e-01
7.830147097894919472e-01
-1.312008378560405308e-01
4.454018199302554049e-01
-4.755350519245564733e-01
3.813903295322802478e-01
3.159820594740934130e-01
2.956201367953603665e-03
5.904780709278849571e-01
-5.970279639442586106e-01
-2.533349683742969205e-02
-4.756523774463718990e-01
3.893693486631744083e-01
9.602264606671342406e-01
5.984884513170150022e-01
1.893141636091444369e-02
-9.762675288129247786e-01
-5.618686432925321661e-01
-7.255010033143047821e-01
-5.391160420601912584e-01
9.119679071968520567e-01
5.916899739939887048e-01
7.453396847484006216e-02
-8.080166671677699863e-01
-5.454131347650932327e-01
2.339874924438154480e-01
5.546959086140332840e-01
4.622009071990937912e-01
1.932866873128142871e-01
8.333083583659655069e-01
-2.377133827536059840e-02
-8.449767002776811253e-01
-3.889328874388966462e-01
-5.198833870437724602e-01
7.684314655433270858e-01
6.638916744014915494e-01
3.219766884946984042e-01
-4.319328747749284769e-01
6.554152370572781106e-01
-6.343535966461986142e-01
7.588557900228725117e-01
-2.568906746186101486e-01
-4.472416799828176082e-01
-1.662946136261493901e-01
6.452038780244273575e-01
4.354212679752427206e-01
7.503316825917212274e-01
-9.538306957127176133e-01
9.615733711845337872e-01
-2.095279207689613177e-01
9.203377444094793525e-01
4.882162191606194135e-01
4.959131431560903636e-03
-6.428228370909194744e-02
7.575688770618278500e-01
7.600629023346781032e-01
-2.226319600501813767e-01
8.950510647961213984e-01
9.872782273038553935e-01
3.191593442190836516e-01
-6.828350647701115772e-01
-2.676256534913892260e-01
-4.512681709916099848e-02
-9.882851532070822120e-01
1.742706729774157193e-01
-3.901435754176463266e-01
8.207424674318870572e-01
-3.959902868813554022e-01
-9.054690757813677049e-01
9.867515094171925849e-01
6.566866211275739218e-01
2.791748422882611713e-01
-7.043337963813955938e-02
-7.736794860137119478e-02
5.041511512054408506e-02
-4.193949836493227057e-01
8.111969733104469338e-01
-7.014047716849898251e-01
1.770055830637835559e-01
-9.271653569632236636e-01
8.351741882812948603e-01
-4.682525015136216329e-01
-5.986524596896254380e-01
5.626963338280788207e-01
-7.950090312255821967e-01
-2.904125492080278370e-01
-8.969271509648348850e-01
-3.732818684487753114e-01
-7.942621909754332687e-01
6.724300216013554543e-01
-5.763717344256600317e-01
-2.526516570075720836e-01
7.017143090201913846e-01
-8.576467492032373574e-01
3.813072689547520877e-01
-9.469162271466153857e-01
7.569015984373672623e-01
-6.717358229793306545e-01
6.805234607174384109e-01
-3.325648045494429272e-01
4.129427945080057505e-01
4.450569455665964735e-01
-2.009597540409926442e-01
-5.992208877198952344e-01
-1.277134124455381325e-02
1.793845498943651418e-01
-8.803408898152047524e-01
-8.667095828598847529e-01
5.744291640170449131e-01
-8.978851517358856782e-01
-6.103606660277758333e-01
-6.061038356409464978e-01
5.194575137426733491e-01
-9.747481386011755955e-01
3.538850235136665745e-01
-8.207581147050146964e-01
-6.476084480245152264e-01
-1.306544182577957791e-01
2.307355802446697801e-01
1.431727755541878366e-02
-5.153313304169215847e-01
4.018937490296194959e-01
-2.041530120786672065e-02
9.875670474648197139e-01
-5.830096210176107796e-01
-5.980858064393124174e-02
4.965366829836157514e-01
7.569501055338094808e-01
-3.776396466736731128e-01
6.127169841239574755e-01
-4.882699376640011746e-01
-5.932752983134899072e-01
3.481455786919052109e-01
9.755975334959039458e-01
6.703422040966098283e-01
-9.111665580970111922e-01
-1.480025611024822219e-01
5.307184710930701321e-01
5.470339292232604400e-01
6.289193956904017835e-01
-9.870812920624931763e-01
