-5.179671407307486763e-01
9.185054954791083137e-01
-6.621928171922462081e-01
2.293828563231374851e-01
-9.366716943276662821e-01
-3.055358310293621038e-02
-8.979291124103194743e-01
-4.067399582675061964e-01
1.635978010594236753e-01
3.300394996311839524e-01
-8.326575562910936146e-01
7.026424191328737301e-01
5.652191940030681927e-01
1.965153816352198657e-01
-7.007758421632170887e-01
-7.185634741507340717e-01
-4.546743006098943329e-01
-5.480495650845123023e-01
6.403324257867548663e-01
-2.895947878051881030e-01
-3.295702644125024783e-01
-3.397473128280368293e-01
-9.984324380414824063e-01
2.223658326681960951e-01
-8.460297666381910719e-01
-2.429234520278824583e-01
9.966364415381012698e-01
2.728913480482297871e-02
5.443265718685836863e-01
-7.003044018900328460e-02
7.724794752566488398e-03
2.308642424190430198e-01
7.936715493375503527e-01
-3.464795712424730834e-01
-4.212516802896091317e-01
-7.400704472304744375e-01
4.099224681395414738e-01
2.114844666655839589e-01
8.236968836794567039e-02
-8.365902973894239203e-01
1.704991897742083040e-01
-2.088564064354319072e-01
1.416459095748856534e-02
-6.677327901346525874e-01
-6.516426422731367296e-01
-1.419130601703486594e-01
5.922771784138685103e-01
-2.062688666126890613e-01
-5.911753663165240091e-01
8.130440677726813448e-02
9.541494554867813171e-01
-4.934020164714263412e-01
5.031672362495827056e-01
8.907096138653014528e-02
-1.499822473556495783e-01
1.883875094448959064e-01
-8.163480677123671203e-01
4.234616381855054179e-01
2.286836913210563704e-01
-8.900869790718664021e-01
-2.776817859938989219e-01
-2.588654661985090311e-01
5.160795444891064232e-01
2.598290773857689917e-01
-2.330488211414882826e-01
9.912858342740646922e-01
-5.359726299899203461e-01
2.110002031508173559e-01
-9.880863127365282494e-01
7.923050466909338230e-01
-4.480731901119727745e-02
-9.313217169444170107e-01
7.440977846119016803e-01
6.503832742565793801e-01
-4.201498351597510172e-01
-1.678997301525453345e-02
-9.775071142404159197e-01
-1.252680127922745079e-01
-3.454283847332157986e-01
-8.083569990691485962e-01
1.951760137857829758e-01
-9.544416918318057164e-01
3.734297101505019700e-01
1.261474809953357923e-01
9.667808325136075798e-01
7.378377918439229521e-01
4.708412246794311251e-01
-3.388585994711559302e-01
-4.978617231229869322e-01
-3.218018589794202633e-01
-7.129981026790752630e-01
2.145319681406732126e-01
-6.549510376070333262e-01
-3.011288827660998368e-01
3.186665907907881845e-01
5.702574245310123580e-01
5.139664338882241612e-01
-2.127236798561076281e-01
-4.618790533471428539e-02
7.344221224084090949e-01
4.669077359436166752e-01
6.502965738418708952e-01
-3.342515520983173616e-01
5.474080756890784549e-01
7.210013180834398128e-01
5.198475687817880608e-01
-5.809757944728031198e-01
8.184701290658196182e-01
3.453138531520405508e-02
-6.967559414237278759e-02
6.079079999147183333e-01
2.254413310418379446e-01
-3.001906295077312326e-01
3.261990510601882054e-01
-6.088431850905084985e-01
2.507935471538575989e-01
6.730191329891737073e-01
6.215723192429301047e-01
2.717967258787974405e-01
3.657192092504961689e-01
-9.270718306503049622e-01
-6.880671711600763185e-01
4.535020598277073045e-01
-3.247439582584228379e-01
4.461582676441868678e-01
-6.628785242535548683e-01
2.457186981066843412e-01
-7.498706822877696521e-01
-6.836705930894337868e-02
4.071917142122272182e-02
6.252945904165536639e-01
1.441629891912277195e-02
5.125778591295313547e-01
-2.961162656551126204e-01
6.074420687401276275e-01
-2.880254044413768089e-01
-2.692063811405724927e-01
-1.925038885513630227e-01
9.868893044910818091e-01
-9.763925083097733104e-01
2.188184441387985846e-01
9.735645212476011778e-01
6.748881717614374498e-01
-9.297820901446818276e-01
-1.994541210391380659e-01
-5.769367686978783549e-01
5.522059535732948277e-02
-4.473622387847371318e-01
5.831290854131079282e-01
-1.902932391599696516e-01
7.416177956377607572e-01
-6.229841354560838873e-01
-2.380322620714636628e-01
5.182542440011901341e-01
6.102992002622762424e-01
5.485618236504528067e-01
-2.997447080712789536e-01
-5.233176552938545445e-01
-1.345150598476998471e-01
-6.474333445033464418e-01
9.244401977626388600e-01
-6.898213832570647686e-01
1.158192230378765064e-01
-4.098509901891906893e-01
-9.801119472393211574e-01
-3.003727764049832771e-01
3.839351457678350510e-01
3.501013206811656175e-01
7.469270938737591070e-01
2.830610956060202188e-01
-8.919931205325972723e-01
-2.229441174578163931e-01
3.673391797388880775e-02
1.086186386836218709e-01
1.359072199049546903e-01
-3.898383793017639043e-01
-3.832248220574876463e-01
-3.854760819251275006e-01
-5.972788920812353020e-01
-5.992275459732550047e-01
-9.098737892037462860e-01
9.590291773190280367e-01
6.427301776861025218e-01
-9.919404632085990769e-01
-5.100479166507685402e-01
-4.932453124210325335e-01
3.362388600360708413e-01
-3.900412460225539668e-01
-9.971242056118412300e-02
7.774151671796423191e-01
4.768492585856809463e-02
-7.445414950520337083e-01
4.408974299503072292e-01
2.356336298269161578e-01
8.760730887108247877e-02
9.827933477714443367e-01
-6.841047664243491422e-01
-6.882190574891442481e-01
-2.430637206722028321e-01
-7.379021033208377212e-02
-3.386169270631060879e-01
2.053608506760233876e-01
5.550751585365776286e-02
4.775750255476467476e-01
-6.968384579569733006e-01
3.577281599967840897e-02
8.942321323350432838e-01
-3.551272422565561193e-01
-9.436088384645118232e-01
-7.498751931860532238e-01
-2.996192434269218108e-01
8.491293646593345290e-01
3.973665989682397814e-01
5.773710356779957475e-01
-8.822208189706550741e-01
4.376928730077924712e-01
1.031369656331453388e-01
8.420796608245983972e-01
-6.672333503736100901e-01
-7.697419286757556378e-01
-9.186305628805073731e-01
-4.033790969424284611e-01
6.206023089885315258e-02
-2.625788014922094682e-01
9.360805007050174709e-01
-6.775681696480801985e-01
-7.276014876148473309e-01
-9.803785439301233584e-01
5.174927367448360904e-01
-8.042673337355488172e-02
-3.024230951322293137e-01
3.208820795325784125e-02
-8.443683102002816909e-01
2.845984345940635318e-01
3.553904147173434502e-01
9.667421137279379462e-01
8.375296625368882086e-01
-7.823792345560045547e-01
7.927038874629162013e-01
-2.664531710704542977e-01
-2.602624435926119695e-01
-8.283623363406071860e-01
1.346251130451399103e-01
8.579169982520820081e-01
-7.460510112555833739e-01
1.522841879567893297e-01
3.271761729218798376e-01
3.647368126034302716e-01
-8.873366991655911029e-01
-4.932605350216330287e-01
2.886085863009208996e-01
-1.661298226946514855e-01
-3.061640868265054216e-01
-1.484430949479940143e-01
-2.198161271285066221e-01
4.848375729546756663e-01
-2.453846433137085725e-01
1.895075011151128308e-01
-5.618658500530246958e-01
3.653082270043528368e-02
-5.535518249025175308e-01
1.117251534543652891e-01
5.727894464810658892e-01
5.569316103805115326e-01
-6.531324085396081891e-01
