8.388030640210564215e-01
-7.939383957068848474e-01
0.000000000000000000e+00
-8.175951636470557560e-01
-9.491548496455644024e-01
3.229483281012677232e-01
6.349157274412242646e-01
2.613597170374042378e-01
0.000000000000000000e+00
0.000000000000000000e+00
-3.853322501574825143e-01
0.000000000000000000e+00
5.517392565943513016e-01
-6.308656541424755293e-01
0.000000000000000000e+00
0.000000000000000000e+00
6.749271193874823993e-01
0.000000000000000000e+00
-7.516196357130660033e-01
7.864216306065932027e-01
8.333829522879931950e-02
-3.159371562385473453e-01
0.000000000000000000e+00
4.933368350450826334e-01
-5.241077780841107980e-01
-9.579446703288279075e-01
4.894076786089029962e-01
7.639467163914019920e-01
-9.359344639930959886e-01
0.000000000000000000e+00
7.923649240242573999e-01
-3.815116410685193138e-02
0.000000000000000000e+00
0.000000000000000000e+00
3.117091941265874855e-01
2.488048306722443481e-01
-4.527287694930035578e-01
-6.781146633487302733e-01
0.000000000000000000e+00
0.000000000000000000e+00
5.890611200715136775e-01
-3.727673352605505031e-01
3.420212003190448158e-02
0.000000000000000000e+00
0.000000000000000000e+00
-8.953085503645719090e-01
1.758018197894462009e-01
2.610204124640740364e-01
1.677554004409431698e-02
-2.132633817467877169e-01
0.000000000000000000e+00
-2.781316080422646664e-02
8.121031782139302990e-01
1.764699542128012055e-02
0.000000000000000000e+00
-2.903294097265993745e-01
-5.233042945518220357e-01
-8.340475511795959473e-01
6.062955393525346626e-01
0.000000000000000000e+00
-3.816621867347353980e-01
0.000000000000000000e+00
-4.274256560353648648e-01
0.000000000000000000e+00
6.438168474107734962e-01
3.675612085911521554e-01
0.000000000000000000e+00
-6.640041752558933918e-01
-1.242695606249402118e-01
0.000000000000000000e+00
9.420636881504165228e-01
3.786589788134020473e-01
0.000000000000000000e+00
4.652524912920856792e-01
-2.689543816524975206e-02
7.728717935258155869e-02
0.000000000000000000e+00
0.000000000000000000e+00
3.260374753350232524e-01
6.248505153192969175e-01
-8.732927861455850316e-01
0.000000000000000000e+00
-7.006684596571686185e-01
-2.333338037766348183e-01
3.199096973799862020e-01
0.000000000000000000e+00
-6.924557065226688568e-01
-1.539785740864714203e-01
0.000000000000000000e+00
4.158482349406620315e-01
2.503080094566059177e-01
5.132517285820041852e-01
-7.700860860061640167e-01
-6.997356841606183764e-01
6.995349728768402997e-01
0.000000000000000000e+00
-8.962833266305261226e-01
2.709145797671173028e-01
-6.634349131815497902e-01
0.000000000000000000e+00
0.000000000000000000e+00
8.415584676832366107e-02
-7.589341995963134746e-01
0.000000000000000000e+00
2.976924726031773272e-01
0.000000000000000000e+00
-1.453622602512862905e-01
-3.773466315601010646e-01
4.112149979619450502e-01
5.862471617634483767e-01
0.000000000000000000e+00
4.468562161964813040e-01
-4.728312445712501422e-01
7.217590318008202388e-01
-6.541420109923490323e-02
3.929324990323892486e-01
0.000000000000000000e+00
-5.077106277355416530e-01
1.418038516793234116e-01
9.459753626897711154e-01
0.000000000000000000e+00
-4.742504190871743575e-03
8.183025591609063287e-01
0.000000000000000000e+00
8.808252401593108516e-04
8.252435538391447167e-01
7.514174467956040715e-01
0.000000000000000000e+00
0.000000000000000000e+00
-4.677609462577774213e-01
-7.713887108513786117e-01
0.000000000000000000e+00
7.650359091768774711e-01
4.214808101208933344e-01
-3.747038073637594113e-01
3.847880717121032745e-02
3.941421297188643091e-01
-6.007068148918326411e-01
0.000000000000000000e+00
-4.278762505961553053e-02
7.343506728839277464e-02
-7.580218582065059163e-01
7.401086513720946947e-01
5.666346551822991628e-01
0.000000000000000000e+00
3.886814313910154084e-01
3.160187972067651785e-02
4.377387147069844442e-01
5.278276455146211354e-01
8.665806216661193773e-01
4.810617807170001203e-01
-5.805049652855625020e-01
3.072843188560248073e-02
-2.744192534966725106e-01
6.495412480885689455e-01
2.710276158179087957e-01
0.000000000000000000e+00
5.856792297652524404e-01
-8.832911517787953581e-01
-6.636293474206063081e-01
1.472867890771405452e-01
8.066230695843110698e-01
0.000000000000000000e+00
4.317010100298042108e-01
5.912721390404378496e-01
-3.141485776980499356e-01
9.743577325965051550e-01
-4.677406901414622453e-01
-3.883066923480675836e-01
2.908344971281437985e-01
3.196114268938459180e-01
7.243675146648043128e-01
-8.509376719208039397e-01
2.636308036178536263e-01
0.000000000000000000e+00
5.630584288325621856e-01
9.250684407287164124e-01
-3.505902376484932859e-01
-5.180152161775017916e-01
-1.627096795574187738e-01
-3.097971804383929939e-01
-4.083076665980653885e-01
4.112501577782061712e-01
-2.810507044822772027e-01
-3.056197183497084691e-01
7.274579303996266955e-01
-8.510284495897750823e-01
6.293181700435581671e-01
-7.431705522457514590e-01
-1.303404190855410594e-01
1.813910583041131730e-01
-5.185900346107774617e-01
0.000000000000000000e+00
0.000000000000000000e+00
-1.476633678103689284e-02
0.000000000000000000e+00
0.000000000000000000e+00
-9.693154413611870801e-02
0.000000000000000000e+00
0.000000000000000000e+00
-7.740153721677955900e-02
7.139912104085088806e-02
-8.036013900979237512e-01
-2.450622215958768724e-01
-1.246046210121143361e-01
-4.420136681354900343e-01
2.916799340611397895e-01
8.206099901747514469e-01
7.948516187348646511e-01
-8.539247243665339937e-01
-1.797314876026658848e-01
-3.099235494627992082e-01
8.011427101627794922e-01
6.852941831447005860e-01
2.748166571122823143e-02
-7.219638951205344934e-01
-5.376828755487175204e-01
9.437596924825535361e-01
5.014366875118947409e-01
0.000000000000000000e+00
-3.058231556976693799e-01
9.357482431948900281e-01
0.000000000000000000e+00
6.056806671204773007e-01
9.015005713523420727e-01
-4.788477420303194343e-02
-9.554066238819780565e-01
1.713137845996144382e-01
9.534780791966912528e-01
-2.639049380095732644e-01
0.000000000000000000e+00
0.000000000000000000e+00
-2.572598633052556316e-01
9.489506619766943096e-01
0.000000000000000000e+00
-5.440895313605380590e-01
2.737550306769223063e-01
5.462363417724767078e-01
0.000000000000000000e+00
4.880137614499551191e-01
-6.776119226115722149e-01
-1.608689878287870023e-01
0.000000000000000000e+00
5.346145889357778458e-02
6.183975561752868000e-01
9.042474981107995191e-03
0.000000000000000000e+00
-7.953847460667526903e-01
-1.764551601117940738e-01
-7.631592992002167453e-01
0.000000000000000000e+00
-4.507052272408640370e-01
9.667809517096463967e-01
9.292962257799997072e-01
3.458784946992514708e-01
-1.576230402560259147e-01
-1.739795604245928384e-01
-8.591784952515846285e-01
0.000000000000000000e+00
-7.131400452653720023e-01
6.426739156139293918e-02
6.327325621504100717e-01
-1.983433890490369222e-01
4.126325885883099787e-01
0.000000000000000000e+00
