-8.277012868022013414e-01
7.910007041894606683e-01
9.772740574152849469e-01
2.961641555662721803e-01
-7.429699901653132876e-01
-4.072349609346084254e-01
-5.366007133066184043e-01
3.414646518998833979e-01
3.621980149956740558e-01
-1.223083261768440622e-01
4.798953662795302222e-02
-7.758594728109518002e-01
8.178649822900130317e-02
8.998774434456049409e-01
5.115546051220578594e-01
-8.076910774582084507e-01
3.300272298754691747e-02
4.307296352709226728e-01
-4.854789649014785713e-01
7.897932999955290523e-01
-7.811807174405616117e-02
4.064624195463515388e-01
-1.916732210745186737e-01
9.902660751127183580e-01
5.656314755132452188e-01
1.468808014530609274e-01
-7.104699542126178269e-01
-1.176334810425567756e-01
-9.412301807145504462e-01
1.903283504136106252e-01
7.636350354068464075e-01
-6.391510159841702343e-01
2.034300645548592357e-02
-3.508334943726465482e-02
-1.901706419330611020e-01
4.209201593882958559e-01
8.733398379705175074e-01
4.107850737561058452e-01
-5.500164091427994784e-02
9.239548228320169088e-01
-3.385449988654321007e-01
4.912255095238768909e-01
3.169700515480853298e-01
5.232177498888972433e-01
7.041464556126182384e-01
-5.500022391549572731e-01
2.424980579000068914e-01
-1.945522305922167128e-01
3.339437601351085139e-01
9.544681292911887383e-01
2.696616934980433644e-01
-9.767884118417806683e-01
-7.090238446633101432e-02
4.231529668973865732e-01
7.664418737040101792e-01
3.001700666154742958e-01
6.321398033861798105e-01
-9.657252072852600122e-01
8.864591302950262097e-01
4.589272673318909312e-01
2.128879038361555232e-01
8.106460603400946763e-01
7.693594541041379742e-01
-7.990852387251832223e-01
6.312424325603742670e-01
5.340014815567719619e-01
-6.009239066480136504e-01
4.884913850037331251e-01
1.724548873338502819e-01
-6.170111523597892056e-01
6.083787919867913452e-01
-7.242537437605218731e-01
2.246474128767237399e-01
-1.312040316752163260e-01
-4.926177782797633853e-01
1.321892466182532644e-01
-6.582624148258942043e-02
-5.900050107779228892e-01
9.335615748190795316e-01
-8.543492652440427548e-01
-9.939254238355561544e-01
-2.915374140193760510e-02
6.743829946084027860e-01
3.168041268802386234e-01
5.093391774827467078e-01
-2.999909333981976012e-02
3.496047097779746426e-01
-3.302187255128372634e-01
-4.661094713580327120e-01
5.801416342268606030e-03
-9.449443670051262956e-01
-8.403828201668890330e-01
5.079194806163942477e-01
-6.526007241066669184e-01
5.005114516394995050e-01
5.687519609589766212e-01
-1.910181007490623362e-01
3.499863687922364353e-01
5.748445813869993426e-01
7.280482011968429923e-01
-7.302594921875082967e-01
-6.748597100454183373e-01
-2.366731615022461543e-01
-7.068661338571446962e-02
-4.103622562311872723e-01
-9.791995244822677691e-01
1.148433456926343244e-01
9.338275194439278337e-01
-2.670806343254858994e-01
7.599884048154770255e-02
-2.353416895224711425e-01
-1.143990426597725207e-01
7.409874152603386221e-01
-3.831391111272883787e-01
2.981304844228074291e-01
-3.242692813832048770e-02
7.713834510903683217e-02
8.294062510536344135e-01
-8.465719780626488333e-01
6.487408625048216582e-01
-3.916613856895707624e-01
2.926165453851481413e-01
5.916819618966100425e-01
3.068188822682258454e-01
-2.140668702410950530e-01
6.814095366075116900e-01
-8.141024036935053942e-01
2.666288049610328059e-01
-2.177483797640757945e-01
6.093197834721131301e-02
7.018821708789215741e-01
5.957297608952274448e-01
2.576803429296197212e-01
-3.838414394710794042e-01
-5.341723568799880972e-01
-8.492357192482180572e-02
-5.357808541859334639e-01
-4.450269332338900874e-01
9.155092852102648671e-01
-7.760678727123506704e-01
6.372327474860628449e-01
-2.415718010575005348e-01
-2.707932410580424776e-01
-3.632169759857299951e-01
-8.452288756562247318e-01
-8.523959871083053308e-02
-6.670056358339837566e-01
-1.159820576100700773e-01
-4.160256764134531160e-01
7.891464104333418828e-01
8.434849041474716813e-01
-1.160070301484059652e-01
2.792404475197804992e-01
8.592844199096296709e-01
-3.475467091950055210e-01
-8.008912222427531091e-01
-5.243162442909155008e-01
-6.209075934838159672e-01
3.569413102599623411e-01
-2.524233432809350752e-01
-2.878041693531792067e-01
5.901952704098971658e-01
-5.336558331752478956e-01
6.170727394610611150e-01
2.658133265079014595e-01
-1.994797615931453993e-01
6.470382325264365520e-01
-3.154935049899763033e-01
7.571626263867194950e-01
8.518518447145451145e-01
5.212643457316312734e-03
3.799666126387633014e-01
8.975642222238593426e-01
4.851198106918441777e-01
5.020140962872021717e-01
7.386203066186314281e-01
8.711417858622105825e-01
5.070686335790830501e-01
9.581383722478857834e-01
-4.167880634674516749e-01
2.449724024086197272e-01
3.413158665995161822e-01
-2.651314540418145960e-01
-2.096444296240826954e-01
-6.504515520047848831e-01
9.154245987733324874e-01
-2.919929557929228370e-01
-4.673197734806722181e-02
7.871301311778318155e-01
-6.270998222398871391e-01
9.213389959784459293e-01
-7.458885316850254465e-01
-9.439409508665002058e-01
-2.984399919646143484e-01
-2.816504079544992489e-01
8.352886420250482669e-01
7.663885017086728979e-01
5.231218733155122980e-01
-1.271442024650280000e-01
8.537281036961719138e-02
-5.264605011780436605e-01
6.670593856967244051e-01
-2.201777764983814389e-01
-4.306933511957899974e-01
2.756120249733344796e-01
-6.988428181436432407e-01
-3.672989576737684114e-01
8.523550703890827585e-01
-8.099091802430737896e-01
-7.156000914591604811e-01
-5.913087676267099191e-01
-4.980399438535056955e-01
-1.592048948941826580e-01
-4.996475415059704606e-01
-3.146201940251081020e-01
-5.070372118452604049e-01
-5.198231379980362554e-01
2.212095118590049481e-01
-3.270838269577009960e-01
-2.544219397310267805e-01
5.356331260718589782e-01
-8.766233196512325243e-01
-7.119152221460165464e-01
7.016472080806119838e-01
-1.404452406823353261e-01
5.576069991575480778e-01
-7.344131123873873790e-01
4.598017896400752313e-02
6.907479780378167344e-01
-3.239165298909210122e-01
5.363572345762139815e-01
2.207521342841629597e-01
-2.108527984059553884e-01
9.947024591884137124e-01
-2.153944258902216191e-01
-5.241324767707156163e-02
2.389714102651330219e-01
-3.663224049712539010e-01
6.752779576410439244e-01
1.950721158168835512e-01
1.760011838440234122e-01
7.717279590185843752e-02
-5.404271214448452820e-01
-3.304085733156119087e-01
-8.195840585968503511e-01
-6.264953215820083798e-01
-1.258874206242490690e-01
-1.779008559960806313e-01
3.135554945089009671e-01
6.671632821981927641e-01
-3.316660459459273014e-01
8.510072007393034710e-01
3.062980705536939574e-01
-3.103211235361345022e-01
-6.304503153707414764e-01
9.120064693329781313e-01
3.135510662617591038e-01
-9.140720199755716369e-01
3.692031644530409107e-01
-2.440783061849420843e-01
-1.578779851501350695e-01
5.311078092084551283e-01
-5.537155921238525735e-01
-4.633891937825032059e-01
8.055138142673912149e-02
