-2.584236020602836970e-01
-4.828099230861615521e-01
8.713539131851033570e-01
-7.974624392571814102e-01
-6.782894478094576574e-01
4.934755393518603928e-01
-3.621585537589486758e-01
7.219835647750261209e-01
6.927484405599060313e-01
8.042534394297140565e-03
2.684687918831463183e-01
-2.395115481175751349e-01
4.969459152813813230e-01
0.000000000000000000e+00
2.510371327124267804e-01
-2.619418807723898901e-01
8.340464275163086416e-01
-9.888921344798760060e-01
0.000000000000000000e+00
9.040951999997757227e-01
-5.443420110519228139e-01
2.742679147092421665e-01
-7.848052490482031462e-01
0.000000000000000000e+00
8.865585217968046106e-01
-8.261768251242342931e-01
-6.233050213009312390e-01
0.000000000000000000e+00
-6.890196018806462597e-01
-5.512042297237609301e-01
9.133937657015376299e-01
2.180940595795863857e-01
2.428653094028843107e-02
6.108142989058273908e-01
3.164200277780386816e-01
9.497346640651742611e-01
-3.206387037986719868e-01
6.259087477555547174e-02
8.119117786338232445e-01
-3.802013060269950895e-01
8.422770126642822319e-01
0.000000000000000000e+00
-9.282124684540571380e-02
-2.022295625441685729e-01
-7.624273081686230302e-01
-2.963467177201741798e-01
4.129723320713438728e-01
6.982331496406513072e-01
1.247161178325804087e-01
-8.827901305992642556e-01
0.000000000000000000e+00
3.022000119819361341e-01
2.395720557079521473e-01
-4.824485546550243420e-01
-8.779737181956561720e-01
5.423921030542433463e-02
-4.928760818620558926e-01
0.000000000000000000e+00
7.149246754023075301e-01
-8.681777438454281182e-01
5.256134867004469413e-01
-9.759111252879648646e-02
-1.407700638316444763e-01
-8.364234474698228894e-02
7.272196644004385035e-01
0.000000000000000000e+00
8.838941623296041605e-01
8.373128300707846083e-01
0.000000000000000000e+00
0.000000000000000000e+00
6.024651191026211272e-01
3.671485519576782597e-01
0.000000000000000000e+00
4.311233254614841304e-01
1.527244256563207170e-01
0.000000000000000000e+00
-5.269539444048660926e-01
-1.532041323746193839e-01
-4.663084253596967432e-01
-9.979758070789614965e-01
4.120419398799202160e-01
2.138452602916245393e-01
-5.207481958507913511e-01
6.258673688400857582e-01
4.550671549547469219e-01
5.288448213633336614e-01
1.713495250511118950e-01
-3.910612955422476666e-01
3.158420018594327860e-01
-4.869896970101410538e-01
6.749247508622135960e-02
6.269096040464947617e-01
1.893723520556411799e-02
0.000000000000000000e+00
0.000000000000000000e+00
-7.633234057993387722e-02
-2.166645737548964501e-01
-4.464466002849094561e-01
-6.789797438901423732e-02
0.000000000000000000e+00
6.612847321146908541e-01
-5.105889189874899259e-01
0.000000000000000000e+00
-7.247854444825534426e-01
-3.025986519972598821e-01
0.000000000000000000e+00
0.000000000000000000e+00
-3.251997662309487058e-01
0.000000000000000000e+00
-4.841551768563245872e-02
1.561363640484869642e-02
2.717045020047659243e-02
-2.368757655902999915e-01
9.273069051504512217e-02
0.000000000000000000e+00
0.000000000000000000e+00
0.000000000000000000e+00
-1.372040360948805215e-01
4.248998616888990387e-01
-2.076536250620049096e-01
6.026430089294081416e-01
-4.561059103365114886e-01
-5.134857787894133718e-01
1.100621267739727571e-01
-1.492741276089890601e-01
-8.927823728834605177e-02
-5.164951988916743897e-01
7.875766200502467562e-01
0.000000000000000000e+00
1.317529758180340238e-01
-2.272764003213927353e-01
-1.197090481164755360e-01
0.000000000000000000e+00
9.011286879554067930e-01
0.000000000000000000e+00
3.278323539478273929e-01
3.057793759490425867e-01
2.516442017711812973e-01
-9.088999980716314653e-01
0.000000000000000000e+00
0.000000000000000000e+00
9.074854648584040895e-02
-1.648380129957818241e-01
3.721244521792437254e-01
0.000000000000000000e+00
2.650304366446107895e-01
-1.521748456329756749e-01
1.497930212462119659e-01
6.687527999931568434e-01
2.945746314767812013e-01
8.391885842116313388e-01
2.541345062760456130e-01
-4.727753427912591011e-01
0.000000000000000000e+00
0.000000000000000000e+00
-2.099104065895975868e-01
-8.916761603136791337e-02
-2.579621050991818265e-01
9.219169146725831876e-01
0.000000000000000000e+00
-4.235680939389667721e-01
5.745258199099110286e-01
6.468985386385845970e-01
-2.450278764937017240e-01
0.000000000000000000e+00
0.000000000000000000e+00
3.318231118606682628e-01
-6.921770833637042042e-01
-4.898413234017160445e-01
-6.770404796476525711e-01
3.712303262970209072e-01
2.711249980603418486e-01
-1.161845154753446963e-01
0.000000000000000000e+00
4.082516718446991266e-01
-8.567836908783694749e-01
-5.895450228573950735e-01
0.000000000000000000e+00
-4.420820111994863133e-01
-4.032488884921929806e-01
0.000000000000000000e+00
9.204439610497996416e-01
-5.687529433716753680e-02
4.522246875472064609e-01
-4.209095805607894203e-01
8.190172384094385194e-02
4.064770667432207052e-01
-7.519576024309650997e-01
-4.031253711781861426e-01
-4.194828974552162748e-01
-7.706386358849481866e-01
2.017494692207533191e-01
0.000000000000000000e+00
0.000000000000000000e+00
-7.376468423072239933e-01
0.000000000000000000e+00
1.399992650164880725e-01
-9.040805908010669523e-01
-4.915045129524528988e-01
-5.637191991169312466e-01
-8.061787886579505624e-01
-7.944645940813648277e-01
5.701560198039823391e-01
-4.553703360367999942e-01
0.000000000000000000e+00
6.171041110653958661e-01
-7.163986788588121435e-01
9.028350895911749774e-01
7.468633804184157121e-01
0.000000000000000000e+00
-2.695473379274953007e-01
-3.400236150146902503e-01
-1.348731775859259852e-01
6.376508985873337032e-01
8.919132203257538194e-01
-7.725174291674856697e-01
-8.712374984574715597e-01
2.015217947310308233e-01
5.144918576058101767e-01
0.000000000000000000e+00
-2.474956996633381756e-02
-6.029884000403002986e-01
0.000000000000000000e+00
-3.510523087107888518e-01
8.420483064355424041e-01
0.000000000000000000e+00
-9.951401162402584433e-01
8.352698152163426926e-01
9.582276239711151611e-02
-3.950776945751637292e-01
0.000000000000000000e+00
0.000000000000000000e+00
-4.484432327524003892e-01
9.507688990618274882e-01
9.834390868057680812e-01
-5.776920609409437191e-01
0.000000000000000000e+00
4.984928291382024756e-01
1.499526914944089295e-01
-6.695648144230672560e-01
0.000000000000000000e+00
0.000000000000000000e+00
-7.374702810835775946e-01
-4.774443181179448548e-01
-7.641105875876275100e-02
-7.413874039545376160e-01
-2.592735174131166609e-01
0.000000000000000000e+00
-8.518899027149227088e-01
7.887942578231130764e-01
-9.220776457670794013e-01
7.848294871512271342e-01
3.929445434899383471e-01
-3.512135981982966726e-02
0.000000000000000000e+00
-4.687559521078490388e-01
2.625476727165261259e-01
0.000000000000000000e+00
9.187018627153689110e-01
-5.029642810899876970e-01
0.000000000000000000e+00
6.196504109987532871e-01
1.404625819882987514e-02
-5.886999174790397138e-01
-9.786572863120075461e-01
