-5.179671407307486763e-01
9.185054954791083137e-01
-6.621928171922462081e-01
2.293828563231374851e-01
-9.366716943276662821e-01
-3.055358310293621038e-02
-8.979291124103194743e-01
-4.067399582675061964e-01
1.635978010594236753e-01
3.300394996311839524e-01
-8.326575562910936146e-01
7.026424191328737301e-01
5.652191940030681927e-01
1.965153816352198657e-01
-7.007758421632170887e-01
-7.185634741507340717e-01
-4.546743006098943329e-01
-5.480495650845123023e-01
6.403324257867548663e-01
-2.895947878051881030e-01
-3.295702644125024783e-01
-3.397473128280368293e-01
-9.984324380414824063e-01
2.223658326681960951e-01
-8.460297666381910719e-01
-2.429234520278824583e-01
9.966364415381012698e-01
2.728913480482297871e-02
5.443265718685836863e-01
-7.003044018900328460e-02
7.724794752566488398e-03
2.308642424190430198e-01
7.936715493375503527e-01
-3.464795712424730834e-01
-4.212516802896091317e-01
-7.400704472304744375e-01
4.099224681395414738e-01
2.114844666655839589e-01
8.236968836794567039e-02
-8.365902973894239203e-01
1.704991897742083040e-01
-2.088564064354319072e-01
1.416459095748856534e-02
-6.677327901346525874e-01
-6.516426422731367296e-01
-1.419130601703486594e-01
5.922771784138685103e-01
-2.062688666126890613e-01
-5.911753663165240091e-01
8.130440677726813448e-02
9.541494554867813171e-01
-4.934020164714263412e-01
5.031672362495827056e-01
8.907096138653014528e-02
-1.499822473556495783e-01
1.883875094448959064e-01
-8.163480677123671203e-01
4.234616381855054179e-01
2.286836913210563704e-01
-8.900869790718664021e-01
-2.776817859938989219e-01
-2.588654661985090311e-01
5.160795444891064232e-01
2.598290773857689917e-01
-2.330488211414882826e-01
9.912858342740646922e-01
-5.359726299899203461e-01
2.110002031508173559e-01
-9.880863127365282494e-01
7.923050466909338230e-01
-4.480731901119727745e-02
-9.313217169444170107e-01
7.440977846119016803e-01
6.503832742565793801e-01
-4.201498351597510172e-01
-1.678997301525453345e-02
-9.775071142404159197e-01
-1.252680127922745079e-01
-3.454283847332157986e-01
-8.083569990691485962e-01
1.951760137857829758e-01
-9.544416918318057164e-01
3.734297101505019700e-01
1.261474809953357923e-01
9.667808325136075798e-01
7.378377918439229521e-01
4.708412246794311251e-01
-3.388585994711559302e-01
-4.978617231229869322e-01
-3.218018589794202633e-01
-7.129981026790752630e-01
2.145319681406732126e-01
-6.549510376070333262e-01
-3.011288827660998368e-01
3.186665907907881845e-01
5.702574245310123580e-01
5.139664338882241612e-01
-2.127236798561076281e-01
-4.618790533471428539e-02
7.344221224084090949e-01
4.669077359436166752e-01
6.502965738418708952e-01
-3.342515520983173616e-01
5.474080756890784549e-01
7.210013180834398128e-01
5.198475687817880608e-01
-5.809757944728031198e-01
8.184701290658196182e-01
3.453138531520405508e-02
-6.967559414237278759e-02
6.079079999147183333e-01
2.254413310418379446e-01
-3.001906295077312326e-01
3.261990510601882054e-01
-6.088431850905084985e-01
2.507935471538575989e-01
5.605036545118060598e-01
-3.208838828641016327e-01
-4.773561923498690351e-01
4.943444858158858590e-01
9.348391886634903614e-01
-7.082981112053221562e-01
-5.868499911832039118e-01
6.814701934554232565e-01
-7.359035569975485025e-01
-3.896840358879198885e-01
3.993788725749378710e-01
2.986109832062733282e-02
-2.703313494698014186e-01
5.028694491160525804e-01
-1.437597134608434857e-01
-5.257948848273596987e-02
9.716677014334480500e-01
8.753800700819120983e-01
8.609331524115406697e-01
-1.474500751906788754e-01
1.443359581873779884e-01
9.899626711277911273e-01
3.700756113792080804e-01
-6.797332633708053073e-02
-7.588066656157417267e-01
7.785321469959161078e-02
1.630988087646172424e-01
3.951342696926440912e-01
7.650571888204662496e-01
-4.616318598493089898e-01
-7.900982667134368587e-01
9.383698345082858161e-01
6.867398130251456401e-02
7.750135619486611116e-01
2.085915670433762248e-01
8.026496432828227334e-01
2.033819170334454363e-01
4.521067736482686783e-01
2.685054932177450837e-01
9.058700955715606185e-01
5.020523820327871256e-01
9.477114765030072441e-01
-1.677860971296987191e-01
-5.877083789985577678e-01
-5.975564425318455886e-01
-8.741940804654912966e-02
1.129922015251743073e-01
3.785887339259688122e-01
-6.989599272521429540e-02
9.295140262329539826e-01
-1.893686453616887366e-01
-9.829817628612216307e-01
5.505413748338416902e-02
3.151121657128010956e-01
-5.160635042121752836e-01
4.842892559570555200e-01
-6.068122140895559902e-01
8.079239958866222260e-01
-1.082040416514746806e-01
9.049351488071288863e-01
2.270978332564750346e-01
4.476779941250155215e-01
-5.888107998645364383e-01
7.625009773920377043e-01
9.803832699896544156e-01
-7.003518730876572285e-01
1.584472563298915393e-01
-6.791628958021687090e-01
7.608802568891626095e-01
7.294670998117374072e-01
8.231106299708428331e-01
5.363292248881785795e-01
-2.246553984879120502e-01
2.634784326949277666e-01
-8.825629755665767018e-01
-7.878623270395423983e-01
1.104440067174090601e-01
8.965876972435535830e-01
-5.295846919016420351e-01
-5.118644046262614822e-01
-2.066150384262224193e-01
-3.133254354258785401e-01
-2.358019377066848943e-01
2.473605084728043302e-01
-1.119768703665076082e-01
-9.537963778259503922e-01
3.768530378322152430e-01
2.266664763880457123e-01
-3.917192084662886042e-01
1.760075191798120553e-01
-1.109953742057545600e-01
-9.710251080306029348e-01
-5.344609123054342437e-01
9.392411335369772463e-01
-3.390599086716907795e-01
-8.042150491262496370e-01
9.225977787846832978e-01
6.274946978275957044e-01
-5.697673420298221547e-01
-9.423892157043494144e-01
-6.116959049235302093e-01
3.868977994040820878e-01
3.813072689547520877e-01
-9.469162271466153857e-01
7.569015984373672623e-01
-6.717358229793306545e-01
6.805234607174384109e-01
-3.325648045494429272e-01
4.129427945080057505e-01
4.450569455665964735e-01
-2.009597540409926442e-01
-5.992208877198952344e-01
-1.277134124455381325e-02
1.793845498943651418e-01
-8.803408898152047524e-01
-8.667095828598847529e-01
5.744291640170449131e-01
-8.978851517358856782e-01
-6.103606660277758333e-01
-6.061038356409464978e-01
5.194575137426733491e-01
-9.747481386011755955e-01
3.538850235136665745e-01
-8.207581147050146964e-01
-6.476084480245152264e-01
-1.306544182577957791e-01
2.307355802446697801e-01
1.431727755541878366e-02
-5.153313304169215847e-01
4.018937490296194959e-01
-2.041530120786672065e-02
9.875670474648197139e-01
-5.830096210176107796e-01
-5.980858064393124174e-02
4.965366829836157514e-01
7.569501055338094808e-01
-3.776396466736731128e-01
6.127169841239574755e-01
-4.882699376640011746e-01
-5.932752983134899072e-01
3.481455786919052109e-01
9.755975334959039458e-01
6.703422040966098283e-01
-9.111665580970111922e-01
-1.480025611024822219e-01
5.307184710930701321e-01
5.470339292232604400e-01
6.289193956904017835e-01
-9.870812920624931763e-01
