8.063694503900697974e-01
8.455800338317129849e-01
0.000000000000000000e+00
-2.369291996972096026e-01
0.000000000000000000e+00
0.000000000000000000e+00
-8.447191094035353398e-01
-5.323270730820004459e-01
-4.752515842038074201e-01
-5.689629429742413258e-01
-6.330668277427728974e-01
-4.613863632615271548e-01
0.000000000000000000e+00
-9.251128915257733620e-01
5.111800490913949169e-01
5.998348020612054299e-02
7.874365379517556107e-01
0.000000000000000000e+00
6.475362853064114965e-01
-1.268229002466592092e-01
6.317641418499595485e-01
-2.608826235396393134e-01
0.000000000000000000e+00
5.966966904681445527e-01
5.386623680161448657e-01
-2.150192533942334450e-01
0.000000000000000000e+00
2.580843157958656597e-01
8.394339006915196855e-02
0.000000000000000000e+00
0.000000000000000000e+00
-1.154981241931134495e-01
-3.103436000148271923e-01
-6.716104414491583796e-01
0.000000000000000000e+00
1.804169360618550488e-01
-9.624727774279107084e-01
-1.671357861717794879e-01
-5.776119317664685227e-02
0.000000000000000000e+00
2.824055640318849925e-01
4.208837708249624221e-02
0.000000000000000000e+00
4.442515165434062219e-01
3.744608012454737622e-01
-9.074318255423647894e-01
0.000000000000000000e+00
-7.489219109109312988e-02
4.207465467706741347e-01
0.000000000000000000e+00
8.597018838235976901e-01
-4.684819873526824274e-01
3.814259342559627175e-01
0.000000000000000000e+00
-8.404853302745489696e-01
7.153415658139739008e-02
0.000000000000000000e+00
0.000000000000000000e+00
-8.172632744320116327e-01
-9.212937785490880049e-01
3.856407608446255075e-01
1.770799374671667703e-01
-7.109004164733756514e-01
-7.798568012057938148e-02
3.664404860766701244e-01
1.640993452600325586e-01
-4.839782795169964569e-01
5.227843316404792162e-01
4.224210843545057603e-01
0.000000000000000000e+00
-5.803680952033585250e-01
7.652028110307722564e-01
-8.426244043593189570e-01
-2.631466628778029726e-01
-9.413022065995029219e-01
-5.966372428194059996e-01
0.000000000000000000e+00
4.158375119821451360e-01
-1.825050077711212193e-01
0.000000000000000000e+00
-9.124067546611993595e-01
6.373947568894067217e-02
1.360388015618563262e-01
-9.334524279183411544e-01
0.000000000000000000e+00
0.000000000000000000e+00
-1.066927372729515877e-01
-2.064087633103874886e-01
-2.650481618661120198e-01
0.000000000000000000e+00
0.000000000000000000e+00
-3.675625778293190038e-01
-1.857539431491865844e-01
0.000000000000000000e+00
-7.728038437560544871e-01
0.000000000000000000e+00
6.798226294650431267e-01
-9.006524424297230880e-01
5.894699911782130819e-02
3.049380822850320527e-01
-1.856074495265096491e-01
0.000000000000000000e+00
0.000000000000000000e+00
7.822458078934562131e-01
7.038652846012427577e-01
3.113876686044516617e-01
-1.645979403725730261e-01
5.367933552059422908e-01
0.000000000000000000e+00
-8.727440952183018741e-01
-4.784605689837124753e-01
7.280238754944488022e-01
-3.389439939698366544e-01
-8.789700393803459022e-01
6.799556112221056825e-01
5.785008453280560126e-01
-1.859462218712133463e-01
7.176986318561890954e-01
7.958766321247539022e-01
-8.277432439175105294e-01
0.000000000000000000e+00
-9.695441629724530497e-01
9.814716298341492617e-01
1.150621840110119809e-01
0.000000000000000000e+00
2.481963048822795059e-01
-1.868461010090192165e-01
9.124377912711825189e-01
8.847137433770657644e-01
-5.524796230728648005e-01
0.000000000000000000e+00
-9.234115595796659193e-01
2.439937466658608223e-01
-9.411343446203466190e-01
0.000000000000000000e+00
1.911638821564831670e-01
6.780456641699921239e-01
3.283724839692567787e-01
-9.805103126040464190e-01
-2.932197350765275434e-01
-2.504802229544236258e-01
2.955565139456750590e-01
1.929153545398731850e-01
-7.467874972525860855e-01
8.693888702179661809e-01
4.474193761987508289e-01
3.304866402517880886e-01
0.000000000000000000e+00
2.108605248213495376e-01
-2.976095207321449720e-03
-1.966792269131065751e-01
-7.377838198920350088e-02
0.000000000000000000e+00
4.986474873984567679e-01
3.210736766008825960e-01
3.638635207474234523e-01
-7.642630840497062206e-01
-6.090572953643282883e-01
4.816513380304376923e-02
4.282543101521030238e-01
0.000000000000000000e+00
-1.984218558120192100e-01
-7.098150200964470358e-02
8.660971334481419870e-01
5.489011893858630753e-01
4.932093364271481484e-01
2.627217163417736590e-01
7.311092890426145186e-01
2.280726239237100827e-01
0.000000000000000000e+00
8.236067681384231509e-01
3.133256795061796218e-01
-7.376588633185869881e-01
3.816627550924618362e-01
1.615000398759716127e-01
-4.937538805094596750e-01
-5.102856387129062199e-01
7.774687981558294769e-01
-5.787867614058979093e-01
5.120075533592929329e-01
-3.334086455705012053e-01
-5.382537184605089564e-01
2.874306388416427716e-01
0.000000000000000000e+00
3.042775609659211788e-01
-1.149787816961558296e-01
5.909869117318788945e-01
0.000000000000000000e+00
0.000000000000000000e+00
6.226282699820513411e-01
0.000000000000000000e+00
2.506165675840543727e-01
-1.153509572823792073e-01
3.380923656237699859e-02
4.857090944878661443e-01
0.000000000000000000e+00
-9.812771752907836209e-01
-2.020627002915931225e-01
-8.121412983301099509e-01
-2.807174774972749365e-01
3.939608183844249822e-01
0.000000000000000000e+00
2.500212868649041020e-01
1.777683792390627460e-02
5.121648757049368506e-02
-8.132814877466894021e-01
0.000000000000000000e+00
-6.261342395188995713e-01
-5.442994882527840694e-02
-7.639226302411896707e-01
0.000000000000000000e+00
-7.984531163776824592e-01
-1.426629722288210722e-01
-2.945876677388008513e-01
2.211564690786611553e-01
4.148453489507741843e-02
0.000000000000000000e+00
-2.442079792492988233e-01
9.039198918440096708e-01
2.784968849550581993e-01
-7.991976155303357476e-01
5.088954704214829761e-01
-8.222125534659332491e-01
6.061731939957537563e-01
-3.491097409824761577e-02
0.000000000000000000e+00
-1.040495011888362686e-01
0.000000000000000000e+00
3.228840719926739933e-01
-9.914527013790825904e-01
3.722748867855105726e-01
2.526970512379840272e-01
-2.060451686325364129e-01
-2.191741618512244028e-01
-4.180104690604105055e-01
0.000000000000000000e+00
0.000000000000000000e+00
0.000000000000000000e+00
5.103867086223916605e-01
6.298746955936020964e-01
-6.938216322559176419e-01
3.714421432757919472e-01
5.825358048577689019e-02
-6.065255695746480935e-01
0.000000000000000000e+00
-7.399846290023937012e-01
3.251370042247774261e-01
4.807158704372649360e-01
-6.032102753073780299e-01
-5.646645786258996935e-01
-9.144893406668843649e-01
-1.392679840285522275e-01
6.759071426455640630e-01
4.638655798292170562e-01
-2.570164005646762284e-01
7.284648176452130919e-01
7.506632090651790268e-01
5.742028454172323215e-01
0.000000000000000000e+00
0.000000000000000000e+00
3.162621634825313333e-01
0.000000000000000000e+00
4.563078960589048716e-01
0.000000000000000000e+00
0.000000000000000000e+00
