-8.258840335818338207e-01
7.506650360679565370e-01
-8.213533615896089213e-01
8.946386620588329119e-01
-7.983459697603150218e-01
1.181378702925457436e-01
-4.729402248580132362e-01
1.860130262176682425e-01
2.563221932693957594e-01
-9.716647632634816123e-01
7.546060708918691518e-01
2.842701503701978716e-01
1.041912896742269723e-01
4.920245828515641406e-01
7.292960968856108117e-01
-5.358620874919635124e-01
-3.112454547439977848e-01
-2.126627561711829095e-01
1.265467869798471146e-01
4.935173662181504550e-01
-4.818541652977403889e-01
1.093748396722524774e-01
-3.243916120665770730e-01
-5.466761284550285538e-01
-7.203543757296817507e-01
9.196288307125670691e-01
8.646274019519137877e-01
6.616950622227082413e-01
-6.569068373462383370e-01
-6.979847700434420599e-01
-7.913324140771769155e-01
-3.990748857873336330e-01
-1.475114753316868477e-01
-9.852049930322477334e-01
-1.557515561361655365e-01
3.784711524245805148e-01
6.679376368648288764e-01
-6.202612603621742160e-01
-9.963831574813737380e-01
5.899003722822340201e-01
-2.396443364235307794e-01
-3.725954763963692518e-01
-6.907255921604411597e-01
-4.632520101490493758e-01
-4.674792169060248970e-01
-4.861727421048962494e-01
-5.343677853788142418e-01
3.492779950239555120e-02
6.264768884988980435e-01
-3.820448880942248771e-01
-1.673370376460781017e-01
-3.286820852635363721e-02
6.845720765936913477e-01
5.329720868849983084e-01
9.707957713832433555e-01
-6.536063007594898888e-01
6.109167251059146597e-01
-4.108083726397990798e-01
1.530986198904111806e-01
5.423591173838526736e-02
1.494657052876446901e-01
-3.562831351275907998e-01
-8.559698378548896702e-01
-9.842473677478924543e-01
8.549484970049900934e-01
7.729045090387289818e-01
-7.994161957286816111e-02
-8.204326943706352626e-01
8.244813023696422327e-01
-1.737610104496751795e-01
-9.328600259670121186e-01
-9.123778853473734074e-01
8.437974966097276930e-01
3.379902378389656459e-01
-3.245644795085185219e-01
-7.357681030033758063e-03
7.389322332624055356e-01
-5.429314220877108355e-01
-2.592368242104410303e-01
-9.727652513314037908e-01
6.376095183835726043e-01
6.902793740941444156e-01
7.108845799560583600e-01
5.649007597383073342e-01
6.569941745160285951e-01
-5.055142874510691886e-01
-1.241696808045154032e-01
-1.957274750720294776e-01
-6.960643589811914556e-01
1.996229897516075269e-01
8.045356484899710559e-01
5.587005802227851259e-01
4.422603445807204992e-01
5.509317312557946433e-01
-9.529363480342474269e-01
-4.579335168849336668e-01
-3.774633319772742190e-01
6.206458345080827499e-01
6.019184672988353579e-01
9.386548868151158853e-01
6.740971745145252214e-02
-3.992823698861145409e-01
8.723100112344863710e-01
-4.057717405059291238e-01
-4.101354108558479261e-01
9.579380163096513634e-01
-1.606712057461332499e-01
-6.989540728976448847e-01
2.146410753356937651e-01
6.309233892610808248e-01
-3.112164215797712519e-01
7.755165423375145473e-01
6.544908440512586800e-01
7.021364438182053913e-01
-5.628685460148199482e-01
-7.301394850957911853e-01
-1.862604236190710250e-01
-6.331357901659995235e-02
-1.815576918591408351e-01
2.661280822286531400e-01
-9.539458352289043042e-02
-5.060615449497956053e-01
-2.573452306068888529e-01
5.988405009932391554e-01
5.112146893458824337e-02
-3.563625273336106236e-01
-2.884781981854156463e-02
6.669162802338772789e-01
-4.705455886062612780e-01
-3.692429734665858554e-01
-6.892393876600098057e-01
6.114329283221926481e-01
-8.489792384789838220e-01
-9.075468412526410678e-01
-8.685913490187791020e-01
1.915464679674914183e-01
-3.528789547298942786e-01
1.640837459706883106e-01
3.696249480201481141e-01
2.730799253571838392e-01
-7.732310846016989814e-01
8.866416410827859806e-01
9.429591933848611163e-01
-8.857661038999897762e-02
-4.815625023567764451e-01
9.064146778188790776e-01
2.639494461799634095e-01
8.183431778619449926e-01
-5.112126759120614317e-01
-4.890375502055377410e-02
-6.229037500989287324e-01
-1.983076092180733330e-01
-2.411394350344893134e-01
-5.491105293534654930e-01
-8.790020165142511388e-01
-6.924135917243834371e-02
2.362347777660160908e-01
-7.629731880489092344e-01
7.637556256533237775e-01
-5.001670000113185299e-01
-7.621027055063851474e-01
2.621520696773216308e-01
-9.761602715519661633e-01
-7.111387726465554504e-01
3.467240048334923053e-01
-8.072663127128176797e-03
5.636620138994652418e-01
8.648723371692756956e-02
-8.085497898101199343e-01
4.351477536568548743e-02
5.749586378741500248e-02
-6.323771732798044720e-01
9.637075284567777622e-01
1.933555749620505804e-01
-8.474789834452811643e-01
9.263258962353326798e-01
-4.585071406339473743e-01
9.873174117873184663e-02
-2.941671714351172806e-01
-3.723630585506598756e-01
-8.359779714654222982e-01
-9.868011827131657476e-01
2.476121659228087690e-01
-6.049874348737342977e-01
3.528206269668854311e-01
-8.190964851820492498e-02
6.013060981581188624e-01
-6.198921920591207169e-01
-2.907084846064480477e-01
6.275773546726459706e-02
8.207424674318870572e-01
-3.959902868813554022e-01
-9.054690757813677049e-01
9.867515094171925849e-01
6.566866211275739218e-01
2.791748422882611713e-01
-7.043337963813955938e-02
-7.736794860137119478e-02
5.041511512054408506e-02
-4.193949836493227057e-01
8.111969733104469338e-01
-7.014047716849898251e-01
1.770055830637835559e-01
-9.271653569632236636e-01
8.351741882812948603e-01
-4.682525015136216329e-01
-5.986524596896254380e-01
5.626963338280788207e-01
-7.950090312255821967e-01
-2.904125492080278370e-01
-8.969271509648348850e-01
-3.732818684487753114e-01
-7.942621909754332687e-01
6.724300216013554543e-01
-5.763717344256600317e-01
-2.526516570075720836e-01
7.017143090201913846e-01
-8.576467492032373574e-01
3.813072689547520877e-01
-9.469162271466153857e-01
7.569015984373672623e-01
-6.717358229793306545e-01
6.805234607174384109e-01
-3.325648045494429272e-01
4.129427945080057505e-01
4.450569455665964735e-01
-2.009597540409926442e-01
-5.992208877198952344e-01
-1.277134124455381325e-02
1.793845498943651418e-01
-8.803408898152047524e-01
-8.667095828598847529e-01
5.744291640170449131e-01
-8.978851517358856782e-01
-6.103606660277758333e-01
-6.061038356409464978e-01
5.194575137426733491e-01
-9.747481386011755955e-01
3.538850235136665745e-01
-8.207581147050146964e-01
-6.476084480245152264e-01
-1.306544182577957791e-01
2.307355802446697801e-01
1.431727755541878366e-02
-5.153313304169215847e-01
4.018937490296194959e-01
-2.041530120786672065e-02
9.875670474648197139e-01
-5.830096210176107796e-01
-5.980858064393124174e-02
4.965366829836157514e-01
7.569501055338094808e-01
-3.776396466736731128e-01
6.127169841239574755e-01
-4.882699376640011746e-01
-5.932752983134899072e-01
3.481455786919052109e-01
9.755975334959039458e-01
6.703422040966098283e-01
-9.111665580970111922e-01
-1.480025611024822219e-01
5.307184710930701321e-01
5.470339292232604400e-01
6.289193956904017835e-01
-9.870812920624931763e-01
