8.063694503900697974e-01
8.455800338317129849e-01
-1.789987847470511095e-01
-2.369291996972096026e-01
3.216723423161260698e-03
5.175429950963961190e-01
-8.447191094035353398e-01
-5.323270730820004459e-01
-4.752515842038074201e-01
-5.689629429742413258e-01
-6.330668277427728974e-01
-4.613863632615271548e-01
-4.711751054345323375e-01
-9.251128915257733620e-01
5.111800490913949169e-01
5.998348020612054299e-02
7.874365379517556107e-01
8.036083101370796733e-01
6.475362853064114965e-01
-1.268229002466592092e-01
6.317641418499595485e-01
-2.608826235396393134e-01
-6.835403535795494534e-01
5.966966904681445527e-01
5.386623680161448657e-01
-2.150192533942334450e-01
-2.050346465599128809e-01
2.580843157958656597e-01
8.394339006915196855e-02
-3.553953128926197191e-01
-7.635833210918610003e-01
-1.154981241931134495e-01
-3.103436000148271923e-01
-6.716104414491583796e-01
2.508530531931716379e-01
1.804169360618550488e-01
-9.624727774279107084e-01
-1.671357861717794879e-01
-5.776119317664685227e-02
3.100867426602986754e-01
2.824055640318849925e-01
4.208837708249624221e-02
-4.150147485465931485e-01
4.442515165434062219e-01
3.744608012454737622e-01
-9.074318255423647894e-01
6.257426554935354712e-01
-7.489219109109312988e-02
4.207465467706741347e-01
-3.324952825371223497e-01
8.597018838235976901e-01
-4.684819873526824274e-01
3.814259342559627175e-01
-8.855604091387876409e-01
-8.404853302745489696e-01
7.153415658139739008e-02
-5.847125741121139697e-01
-1.483385125706815355e-01
-8.172632744320116327e-01
-9.212937785490880049e-01
3.856407608446255075e-01
1.770799374671667703e-01
-7.109004164733756514e-01
-7.798568012057938148e-02
3.664404860766701244e-01
1.640993452600325586e-01
-4.839782795169964569e-01
5.227843316404792162e-01
4.224210843545057603e-01
-4.918049692446688770e-01
-5.803680952033585250e-01
7.652028110307722564e-01
-8.426244043593189570e-01
-2.631466628778029726e-01
-9.413022065995029219e-01
-5.966372428194059996e-01
1.622432148409638231e-01
4.158375119821451360e-01
-1.825050077711212193e-01
-4.234557916980894454e-01
-9.124067546611993595e-01
6.373947568894067217e-02
1.360388015618563262e-01
-9.334524279183411544e-01
-1.089041194577202720e-01
5.288448213633336614e-01
0.000000000000000000e+00
0.000000000000000000e+00
3.158420018594327860e-01
-4.869896970101410538e-01
0.000000000000000000e+00
0.000000000000000000e+00
0.000000000000000000e+00
7.260025706625006237e-01
6.485901485114484721e-01
-7.633234057993387722e-02
-2.166645737548964501e-01
-4.464466002849094561e-01
-6.789797438901423732e-02
-8.287727443217023371e-01
6.612847321146908541e-01
-5.105889189874899259e-01
-8.488800305719497175e-01
-7.247854444825534426e-01
0.000000000000000000e+00
-3.367476207153061729e-01
2.369184352360869106e-01
-3.251997662309487058e-01
-5.651099660918805778e-01
0.000000000000000000e+00
1.561363640484869642e-02
0.000000000000000000e+00
0.000000000000000000e+00
9.273069051504512217e-02
9.663132085891015244e-01
-2.837583984161258233e-01
0.000000000000000000e+00
-1.372040360948805215e-01
4.248998616888990387e-01
-2.076536250620049096e-01
0.000000000000000000e+00
9.815684826350019598e-01
4.196097515294165969e-01
4.906817154244862422e-01
0.000000000000000000e+00
3.709032333616599786e-01
3.856401596381973107e-01
-6.837439701712744178e-01
5.407668758594228464e-01
6.429403965567872525e-01
8.358265362722869796e-01
-1.748102436046592434e-01
-6.374050290045887301e-01
-5.955054436551119323e-01
-9.743514783016657965e-01
5.514823148175862499e-03
9.590918542878439368e-01
-2.592649989908972774e-01
4.666078643249327307e-02
-7.377942572324578396e-01
5.372548479333361104e-01
-2.897460784171626003e-01
0.000000000000000000e+00
6.284519338982414993e-01
3.912225964583884164e-01
1.492273641561010500e-01
4.299440100076858950e-01
0.000000000000000000e+00
4.186660981047263252e-01
0.000000000000000000e+00
2.454238205575338672e-01
-3.507804961112401809e-01
-9.843727860136208818e-02
-8.139861731308717374e-01
-8.471296193922150941e-02
-4.979385321537233011e-02
0.000000000000000000e+00
-1.558047116096483720e-02
2.233808850402552171e-01
9.712559991507485613e-02
9.925153729250124623e-01
-6.813548486628624445e-01
2.952003011143011779e-01
4.885421043557056642e-01
5.698209821489070848e-01
-6.544653827066770901e-01
-4.846632062542024499e-01
4.099863036515833947e-01
2.524728964186924163e-01
-3.535575369695906911e-01
6.335277887060350999e-01
-1.137923606354507289e-01
-4.794124772819343683e-01
0.000000000000000000e+00
-5.725793731025359268e-01
4.912777005655410978e-01
9.334398250296331856e-01
4.454973196459248719e-01
1.528190696796760673e-01
-8.069716723475257592e-01
8.933970104890014419e-01
7.434397573030278039e-01
0.000000000000000000e+00
4.528896028918538708e-01
-8.433424771585431579e-01
-3.660409489091625002e-01
-2.788257459945486794e-02
0.000000000000000000e+00
-5.779486103682018872e-01
7.670306200140295516e-01
0.000000000000000000e+00
4.489857715545066963e-01
7.695863104709730340e-01
-4.888261290721591656e-01
0.000000000000000000e+00
1.610711489704468313e-01
-7.586220049318859182e-01
-9.433369522803687346e-01
-9.296496557616640288e-01
5.636742483122203495e-01
6.824677425012477539e-01
-2.306595796260018094e-01
-6.341306951709735351e-02
1.425473106466559337e-01
-3.831799416725374385e-01
-3.248533152898391840e-01
0.000000000000000000e+00
-4.783182822872849016e-01
0.000000000000000000e+00
0.000000000000000000e+00
-7.761017286601070708e-01
0.000000000000000000e+00
0.000000000000000000e+00
-3.448425679729760773e-02
7.169069233535168006e-01
4.378949675610117609e-01
1.709613145365911357e-01
-4.897511243878944764e-01
2.212198281261910093e-01
-6.319832846012674032e-02
0.000000000000000000e+00
-4.895250740324983418e-01
9.740113559464076420e-01
8.970350335927641527e-01
9.623733381591350611e-01
0.000000000000000000e+00
-6.117773558692833902e-01
-1.056967241085593479e-01
5.317933791595943482e-01
0.000000000000000000e+00
-9.737695092752114423e-01
-5.511774607017274619e-01
9.225533428327317154e-01
6.804786737069279390e-02
-8.618300342853824070e-01
0.000000000000000000e+00
5.536146814657625370e-01
8.179817504597663991e-01
-7.684794537942829518e-01
4.211449355858392085e-01
-7.805061931853090051e-01
2.784979145778709864e-01
8.375404017109278065e-02
-9.572874833621596302e-01
-6.507350975659653702e-01
-1.622627403972527471e-01
4.144944118083837559e-01
9.750404343620355796e-01
0.000000000000000000e+00
-4.465564705837985482e-01
3.782258957044655201e-01
-9.004841368317317851e-02
0.000000000000000000e+00
7.025443050998672057e-01
5.039299384108228974e-01
0.000000000000000000e+00
-2.730193781548786447e-01
3.826109333932423695e-01
0.000000000000000000e+00
3.292973640288057169e-01
-2.728752464037742520e-02
4.609179772319085266e-01
-5.315199155929002384e-01
6.211746154146209342e-01
-1.950633971725153071e-01
