-8.174499608434677711e-01
-5.349777712257473006e-01
-2.573761168455594994e-01
4.538285668589567834e-01
-1.382022845217623086e-02
-6.292505315242966635e-01
5.839844813658492395e-01
6.167403549980221555e-02
5.788916224181306358e-01
-4.178608220541746299e-02
-9.833114086115233299e-01
-3.445555930869925731e-02
5.978813145091352865e-01
5.147432930787281258e-01
2.777895150747027309e-01
4.131818300678753442e-01
-9.025346545069541371e-01
6.604122782098935662e-01
-7.699747043809699321e-01
-8.509969944554041099e-02
-6.715351178816146849e-01
-4.600189192704344787e-01
4.322657914939409540e-01
-4.060047396047634649e-01
-4.945137641107957283e-01
-4.429058987327987307e-01
-4.524434709970570623e-01
5.723528505429520408e-02
2.368412391337317846e-01
2.065229419583927140e-01
7.079466412638537598e-01
-3.412626240151439561e-02
6.937334174463256620e-01
-2.598595122578599703e-01
-6.876994165800214276e-01
1.310498538953730474e-02
-2.552139017351247041e-01
-3.450772851205363700e-01
5.141601375836981624e-01
9.543972359523822391e-02
1.548906015741899900e-01
7.938871953384376567e-01
1.358323938394734309e-01
-7.974139510451250246e-01
-9.429878270832776632e-01
-6.415278518704004007e-02
-7.967209748025620986e-01
4.796207781417920479e-01
-7.080955685121661514e-01
-7.180225263528838830e-01
-7.487468066279998613e-01
2.443223421722771072e-01
8.890646274218794165e-01
-5.654364423171833742e-01
4.638157936386255731e-01
-4.409075470492918036e-02
2.271851649217324631e-01
6.563747540882194365e-01
5.086025359254147116e-01
6.361007135324026063e-01
-1.471036806195968882e-01
9.349973752235984925e-01
7.519759304727429150e-01
5.468376161831618454e-01
-6.857156531604275962e-01
-6.527221041570507865e-01
-8.310900001591707831e-01
3.380680516745984132e-01
-1.456347470714252079e-01
1.102174828565427589e-01
-1.159347019871024287e-01
-1.848673213508211788e-01
7.641695909974328682e-01
-9.410081041174538363e-01
-6.617552780305566706e-01
-8.275631612718155061e-01
2.432590514337484855e-02
1.844101532421702494e-01
7.820118190150455728e-01
7.848947452821832815e-01
7.987544953997449682e-02
7.027082164280558096e-01
4.073797034818569252e-01
-9.894141441535975190e-02
1.814907720005267677e-01
1.037743536219439822e-01
2.401216042040361653e-01
4.959827699843375459e-01
-2.632437829799596507e-01
1.490472920658585387e-01
-7.268277169408978722e-01
-2.818551625513112668e-01
5.561406911913491236e-02
-1.223597784565657598e-01
1.976188648585397445e-02
6.867509444025419185e-01
-4.115716426422368901e-01
-7.081102154676872651e-01
5.270322738056845147e-01
8.558234828591237964e-01
-5.333093296688251606e-02
8.179508927668290852e-01
-9.115317567007805710e-01
-3.346391985108221334e-02
9.896927922656881815e-01
-5.498594914473278195e-01
6.141598581273177704e-01
9.614307847793805983e-01
-8.260878358168133317e-02
-4.551580353002908641e-01
1.187495718696074398e-02
4.134965004095103591e-01
2.092175617315112923e-01
6.081268703474582704e-01
-1.103202034789354524e-01
5.970064818201361589e-01
9.423040151409169951e-01
5.072290361592179941e-02
-4.395655202959591890e-01
2.569587058092410725e-01
4.227023880115265975e-02
-7.160110801375767497e-01
2.408947172835682604e-01
-4.005104547648432600e-01
4.209842183230390056e-01
-6.004580839763742350e-01
-6.226673281472470123e-01
7.595360711127030484e-01
5.180721808940715878e-01
3.367541654364840653e-01
6.993042191120315554e-01
-6.581828667671474342e-02
4.016554724631220541e-01
3.222254203113088522e-01
5.617335058859613817e-01
1.880020440808403137e-01
2.354200169618116956e-01
-9.585054188433279609e-01
7.390837153452780584e-01
2.309589807753753554e-01
-3.249599700572749494e-01
-8.186592019286433874e-01
6.879635018773133659e-01
7.240312432597604264e-01
3.021023411529604186e-01
-4.633565290508090406e-02
-3.016023200162067930e-01
-1.976212712584686226e-01
2.673024791085909513e-02
8.358891767486591462e-01
-3.531253381032040117e-02
-8.021274069332167134e-01
5.134175095426101176e-01
-2.657473640935004155e-02
6.696547416210987258e-01
8.218099418437192494e-01
-9.043362166779287392e-01
7.158722735940663551e-01
-1.873735534286544713e-01
6.328986908618003948e-01
8.834736447445095120e-01
-5.435071617231423957e-02
9.002818971929140712e-01
2.225878368335743041e-01
-9.821134183028752407e-01
-8.531696933083072754e-01
-1.937090686414035812e-01
3.573970096679528474e-01
-6.407049260468171692e-01
-7.524114084422737214e-01
-5.298092403684848684e-01
-2.742059658064570637e-01
-2.355384570743548345e-01
-5.624441666398416473e-02
-9.601682099227804024e-02
5.180816363712026362e-01
-6.928005514422257427e-01
1.726979721492294395e-01
-7.343801804364398222e-01
-5.208977585003600197e-01
-2.147278295265560022e-01
6.517227337664721620e-01
-9.112924186741144794e-03
-4.868410939445455554e-03
7.404730406359811834e-01
-1.188555792703505087e-01
8.694989008150155740e-01
7.497995086006514764e-01
-8.592613605103471830e-01
9.959621920638408454e-01
7.158298900453614610e-01
9.274755458920576068e-01
-5.800850130462826826e-01
5.171230267910507106e-01
-1.238700169734769929e-01
8.853812858669669605e-01
6.071195980762285060e-01
-1.291434922013838804e-01
-3.566913202214225809e-01
-2.120349585846585949e-01
-7.979032584095195890e-01
7.556297920674226454e-01
-1.001017153777936652e-01
2.632516224609129374e-01
9.764382405080420657e-01
4.060025232858011091e-01
3.047957398766523163e-01
3.843928635554665352e-01
-4.096582860627144829e-01
3.300877487204019189e-01
8.233015228478701708e-01
3.902525330884547561e-01
5.021238799499287975e-01
6.977917617831170816e-01
-5.533075103738200884e-01
-5.278185198372156162e-01
-6.116959049235302093e-01
3.868977994040820878e-01
9.259537092640799383e-01
-3.407750727051892525e-01
-9.115012362974905802e-01
-5.507222827681388377e-01
7.941626640912839985e-01
-7.433464168078938172e-01
-6.863914094952261458e-01
9.689513501294619857e-01
-1.870210658029720641e-01
-7.140042502496344312e-01
3.051830009836984381e-01
9.384763783671052906e-01
-7.204443916977503193e-01
8.748757955306658562e-01
5.263706684839473127e-01
4.531196402842743165e-01
-9.492727750803466868e-01
-1.711829677619889356e-01
5.109426982875309164e-01
6.791478092713782999e-01
-4.762987729899812450e-01
-8.285822185848930044e-01
6.266592606637675367e-01
-5.033008410717185743e-01
4.179665798528160447e-01
6.257282173173404072e-01
3.010631057410144695e-01
-9.124343197467386091e-01
-5.211638107842286871e-01
-6.154218752847975260e-01
-1.522520074752029551e-01
7.527126031180242371e-01
-3.992715513630336055e-01
-9.723395745426801628e-01
9.833234790720219998e-01
2.492456275178345226e-01
-4.552987666257939381e-01
4.696905351206115409e-01
-2.755915493682741246e-01
7.339720246469965126e-01
6.677175869679179421e-01
4.236789017593884932e-01
-5.036727950925639075e-01
6.674598567357461487e-01
4.298023107515804853e-01
2.662083929397374149e-03
-2.380132659240499216e-01
