8.063694503900697974e-01
8.455800338317129849e-01
-1.789987847470511095e-01
-2.369291996972096026e-01
3.216723423161260698e-03
5.175429950963961190e-01
-8.447191094035353398e-01
-5.323270730820004459e-01
-4.752515842038074201e-01
-5.689629429742413258e-01
-6.330668277427728974e-01
-4.613863632615271548e-01
-4.711751054345323375e-01
-9.251128915257733620e-01
5.111800490913949169e-01
5.998348020612054299e-02
7.874365379517556107e-01
8.036083101370796733e-01
6.475362853064114965e-01
-1.268229002466592092e-01
5.308086119003496695e-01
-2.608325328547405064e-01
8.930732813950088556e-01
8.741813854666840022e-01
-6.656253356462578097e-01
3.390037505819047947e-01
2.162690836559622021e-02
5.833718499046036676e-02
-3.458118891970487496e-01
-8.886838377746351103e-01
-3.839350416882594264e-01
-3.635305592008941655e-01
-6.059841163410260023e-01
7.243969361059727774e-01
1.560473201780712138e-01
1.023329205710261647e-01
4.402590915427515572e-01
5.393506098968776641e-01
4.053907552787185953e-01
-4.022513333548762837e-01
-3.795109741941957715e-01
6.965529982862568303e-01
-1.744003602836736722e-01
2.199383762552620247e-01
-6.561442153903771501e-01
-2.052219812489743944e-01
9.426964563919528750e-01
6.608171377902789523e-01
6.668889889474380883e-01
-6.552357243669435505e-01
3.664980828267982993e-01
4.638650071670860076e-01
4.227852714557067682e-01
8.746455964489374679e-01
3.119482806423183874e-01
-2.542323683847813598e-01
5.416947685058293160e-02
6.330672924895304199e-01
-3.369484438284009453e-01
7.406792571500639966e-01
-3.098962106884379786e-01
9.678488303545824678e-01
-8.264929851362783353e-01
-6.069916982811274231e-02
8.489228249787168501e-01
4.729329691024339866e-01
-6.604580036437186497e-01
2.596572710273639117e-01
8.244813023696422327e-01
-1.737610104496751795e-01
-9.328600259670121186e-01
-9.123778853473734074e-01
8.437974966097276930e-01
3.379902378389656459e-01
-3.245644795085185219e-01
-7.357681030033758063e-03
7.389322332624055356e-01
-5.429314220877108355e-01
-2.592368242104410303e-01
-9.727652513314037908e-01
6.376095183835726043e-01
6.902793740941444156e-01
7.108845799560583600e-01
5.649007597383073342e-01
6.569941745160285951e-01
-5.055142874510691886e-01
-1.241696808045154032e-01
-1.957274750720294776e-01
-6.960643589811914556e-01
1.996229897516075269e-01
8.045356484899710559e-01
5.587005802227851259e-01
4.422603445807204992e-01
5.509317312557946433e-01
-9.529363480342474269e-01
-4.579335168849336668e-01
-3.774633319772742190e-01
6.206458345080827499e-01
6.019184672988353579e-01
9.386548868151158853e-01
6.740971745145252214e-02
-3.992823698861145409e-01
8.723100112344863710e-01
-4.057717405059291238e-01
-4.101354108558479261e-01
9.579380163096513634e-01
-1.606712057461332499e-01
-9.325661623581718018e-01
-1.109372010741334069e-01
3.141582289384503568e-02
3.780201140419161554e-01
8.709820687774616488e-01
7.645078307921937544e-01
1.856097652411334842e-01
-8.355676971449632617e-02
8.299583782519075470e-01
-2.252764450607704916e-01
-7.622285683990377425e-01
-5.148839909413727156e-01
-5.559292516390128558e-01
-4.486962659383644247e-01
-4.561059103365114886e-01
-5.134857787894133718e-01
1.100621267739727571e-01
-1.492741276089890601e-01
-8.927823728834605177e-02
-5.164951988916743897e-01
7.875766200502467562e-01
6.428209011672338935e-01
1.317529758180340238e-01
-2.272764003213927353e-01
-1.197090481164755360e-01
-1.824027926416738055e-01
9.011286879554067930e-01
4.122368582232025513e-01
3.278323539478273929e-01
3.057793759490425867e-01
2.516442017711812973e-01
-9.088999980716314653e-01
6.990912932289239379e-02
4.947595690459383189e-01
9.074854648584040895e-02
-1.648380129957818241e-01
3.721244521792437254e-01
-5.440678010651622820e-01
2.650304366446107895e-01
-1.521748456329756749e-01
1.497930212462119659e-01
6.687527999931568434e-01
2.945746314767812013e-01
8.391885842116313388e-01
2.541345062760456130e-01
-4.727753427912591011e-01
-1.739568432189049219e-01
-9.300179781142550173e-01
-2.099104065895975868e-01
-8.916761603136791337e-02
-2.579621050991818265e-01
9.219169146725831876e-01
-7.597214462977097682e-02
-4.235680939389667721e-01
5.745258199099110286e-01
6.468985386385845970e-01
-2.450278764937017240e-01
5.750086238311633569e-01
3.874483861660662498e-01
3.318231118606682628e-01
-6.921770833637042042e-01
-4.898413234017160445e-01
-6.770404796476525711e-01
3.712303262970209072e-01
2.711249980603418486e-01
-1.161845154753446963e-01
0.000000000000000000e+00
4.082516718446991266e-01
-8.567836908783694749e-01
-5.895450228573950735e-01
0.000000000000000000e+00
-4.420820111994863133e-01
-4.032488884921929806e-01
-2.550834957249441537e-01
0.000000000000000000e+00
-5.687529433716753680e-02
4.522246875472064609e-01
-4.209095805607894203e-01
8.190172384094385194e-02
4.064770667432207052e-01
-7.519576024309650997e-01
0.000000000000000000e+00
0.000000000000000000e+00
-7.706386358849481866e-01
2.017494692207533191e-01
1.445050077426659474e-01
3.623188682387481485e-01
-7.376468423072239933e-01
-5.202279361621544584e-01
1.399992650164880725e-01
0.000000000000000000e+00
-4.915045129524528988e-01
-5.637191991169312466e-01
-8.061787886579505624e-01
-7.944645940813648277e-01
0.000000000000000000e+00
0.000000000000000000e+00
4.136783853718568604e-01
6.171041110653958661e-01
-7.163986788588121435e-01
9.028350895911749774e-01
7.468633804184157121e-01
2.558345762339320206e-01
0.000000000000000000e+00
-3.400236150146902503e-01
-1.348731775859259852e-01
6.376508985873337032e-01
8.919132203257538194e-01
-7.725174291674856697e-01
-8.712374984574715597e-01
0.000000000000000000e+00
5.144918576058101767e-01
-1.355171460043178566e-01
-2.474956996633381756e-02
0.000000000000000000e+00
0.000000000000000000e+00
0.000000000000000000e+00
8.420483064355424041e-01
-5.839260870163149875e-01
0.000000000000000000e+00
8.352698152163426926e-01
9.582276239711151611e-02
-3.950776945751637292e-01
-1.951365197019305775e-02
2.625217165806410513e-01
-4.484432327524003892e-01
9.507688990618274882e-01
9.834390868057680812e-01
-5.776920609409437191e-01
-7.302278821298719969e-01
4.984928291382024756e-01
1.499526914944089295e-01
-6.695648144230672560e-01
6.945095830493297484e-03
2.486587588408495364e-01
-7.374702810835775946e-01
-4.774443181179448548e-01
-7.641105875876275100e-02
0.000000000000000000e+00
-2.592735174131166609e-01
6.917933932552247089e-01
0.000000000000000000e+00
7.887942578231130764e-01
0.000000000000000000e+00
7.848294871512271342e-01
3.929445434899383471e-01
-3.512135981982966726e-02
-8.955931754779653531e-01
-4.687559521078490388e-01
2.625476727165261259e-01
2.007465453486083629e-01
9.187018627153689110e-01
-5.029642810899876970e-01
0.000000000000000000e+00
6.196504109987532871e-01
1.404625819882987514e-02
-5.886999174790397138e-01
-9.786572863120075461e-01
