-3.930586279398615712e-01
0.000000000000000000e+00
-7.089741735897816532e-01
-4.098226211052455881e-01
1.453358088617702215e-01
-7.834198437715704788e-01
5.518200251752620744e-01
-5.639752508022746191e-01
7.593805817780556744e-01
-8.860603954148131844e-01
0.000000000000000000e+00
-6.509938506295731564e-02
2.020294203552113199e-01
-4.478452795594769498e-01
-9.490441307498813650e-01
-2.658525626389209862e-01
7.502658070516872169e-01
0.000000000000000000e+00
-1.478387816920982978e-01
-9.824745373034411422e-01
-3.250373978868195124e-01
-9.389003531576534112e-01
0.000000000000000000e+00
0.000000000000000000e+00
3.412091303170110557e-01
9.565125461055770106e-01
9.657755658117388453e-01
-7.253830652660508971e-01
9.352232887281304308e-01
9.888242698431992661e-01
0.000000000000000000e+00
9.535970182387643046e-01
3.890244121308610303e-01
0.000000000000000000e+00
-3.019460316567166291e-01
0.000000000000000000e+00
-8.811615049907084440e-01
0.000000000000000000e+00
5.273472671464540795e-01
-1.319634250940331377e-01
0.000000000000000000e+00
2.426818137452328994e-01
0.000000000000000000e+00
8.466308997562266292e-01
9.927202128193595154e-01
6.082584549856078215e-01
-2.482735782430038896e-01
-7.277084787804679600e-01
-7.187530908883068559e-01
2.416873605301381733e-01
6.081449088604231612e-01
0.000000000000000000e+00
0.000000000000000000e+00
-4.083746439669690975e-01
0.000000000000000000e+00
-7.937139576354874659e-01
6.787002901056153892e-01
-5.485142412610644058e-01
8.525715720625193228e-01
9.480257519601331673e-01
-7.378485415994116003e-01
0.000000000000000000e+00
-5.624775076722365874e-02
6.294159081499599573e-01
-1.556645189308489829e-01
-5.692220453443632699e-01
-9.500883903591148538e-01
7.691545388041511888e-01
7.989003122037856564e-01
5.884550644474144665e-01
-1.224151195470490894e-01
-1.253456102007737272e-01
-3.361567048105185140e-01
-5.492332902008592033e-01
6.733811759553187670e-02
0.000000000000000000e+00
0.000000000000000000e+00
4.599729254151092572e-01
0.000000000000000000e+00
-7.335170070939249776e-01
1.627455761243450372e-01
2.294438469981492368e-01
1.182876655614921724e-01
-1.113087085036168489e-01
6.140718490850938238e-02
0.000000000000000000e+00
0.000000000000000000e+00
-7.007335177862199505e-01
9.172720818449360269e-01
0.000000000000000000e+00
-8.052163343400140505e-01
-3.359467650816740925e-01
4.961121161997432694e-01
-7.365791707327116189e-01
0.000000000000000000e+00
2.687588189559426688e-01
6.295002906276812027e-01
-6.056203998919351683e-01
-8.032218319118586969e-01
0.000000000000000000e+00
0.000000000000000000e+00
-9.126958126831967721e-01
7.479134777107994125e-01
6.330451699213841543e-01
-5.503859751472628403e-01
0.000000000000000000e+00
8.040288269912798658e-01
-4.491640356536610312e-01
-4.061625318782087213e-01
9.261510526370930751e-01
-9.881866760548514428e-01
5.928372260759329215e-01
-5.093972991650459470e-01
-5.916830525118939033e-01
0.000000000000000000e+00
9.038741502128568861e-01
6.730191329891737073e-01
0.000000000000000000e+00
0.000000000000000000e+00
9.459753626897711154e-01
-4.508177257397387727e-01
0.000000000000000000e+00
8.183025591609063287e-01
1.467695179427863650e-01
0.000000000000000000e+00
0.000000000000000000e+00
7.514174467956040715e-01
5.713629773272930201e-01
-9.624190288381209157e-01
-4.677609462577774213e-01
-7.713887108513786117e-01
2.267588383719854050e-01
7.650359091768774711e-01
4.214808101208933344e-01
-3.747038073637594113e-01
3.847880717121032745e-02
0.000000000000000000e+00
-6.007068148918326411e-01
4.539026521032683004e-01
-4.278762505961553053e-02
0.000000000000000000e+00
-7.580218582065059163e-01
7.401086513720946947e-01
5.666346551822991628e-01
0.000000000000000000e+00
3.886814313910154084e-01
0.000000000000000000e+00
0.000000000000000000e+00
5.278276455146211354e-01
8.665806216661193773e-01
4.810617807170001203e-01
-5.805049652855625020e-01
3.072843188560248073e-02
-2.744192534966725106e-01
6.495412480885689455e-01
2.710276158179087957e-01
-2.276510345476512320e-02
5.856792297652524404e-01
0.000000000000000000e+00
-6.636293474206063081e-01
1.472867890771405452e-01
8.066230695843110698e-01
7.676233625009785122e-01
4.317010100298042108e-01
5.912721390404378496e-01
-3.141485776980499356e-01
9.743577325965051550e-01
-4.677406901414622453e-01
-3.883066923480675836e-01
2.908344971281437985e-01
3.196114268938459180e-01
7.243675146648043128e-01
0.000000000000000000e+00
2.636308036178536263e-01
2.828325567806162510e-01
5.630584288325621856e-01
9.250684407287164124e-01
0.000000000000000000e+00
-5.180152161775017916e-01
0.000000000000000000e+00
-3.097971804383929939e-01
-4.083076665980653885e-01
0.000000000000000000e+00
-2.810507044822772027e-01
-3.056197183497084691e-01
0.000000000000000000e+00
-8.510284495897750823e-01
0.000000000000000000e+00
-7.431705522457514590e-01
-1.303404190855410594e-01
1.813910583041131730e-01
-5.185900346107774617e-01
0.000000000000000000e+00
7.994547725898171198e-01
-1.476633678103689284e-02
3.272722195164543546e-01
-5.645004641105304533e-01
-9.693154413611870801e-02
1.845736053587330172e-01
0.000000000000000000e+00
0.000000000000000000e+00
7.139912104085088806e-02
-8.036013900979237512e-01
0.000000000000000000e+00
-1.246046210121143361e-01
-4.420136681354900343e-01
2.916799340611397895e-01
8.206099901747514469e-01
7.948516187348646511e-01
-8.539247243665339937e-01
-1.797314876026658848e-01
-3.099235494627992082e-01
8.011427101627794922e-01
6.852941831447005860e-01
2.748166571122823143e-02
-7.219638951205344934e-01
0.000000000000000000e+00
9.437596924825535361e-01
5.014366875118947409e-01
-6.099740806639681878e-01
-3.058231556976693799e-01
9.357482431948900281e-01
7.120481077204696696e-01
6.056806671204773007e-01
9.015005713523420727e-01
-4.788477420303194343e-02
-9.554066238819780565e-01
1.713137845996144382e-01
9.534780791966912528e-01
0.000000000000000000e+00
6.253268713575428350e-01
7.401985760116223112e-01
0.000000000000000000e+00
9.489506619766943096e-01
0.000000000000000000e+00
-5.440895313605380590e-01
2.737550306769223063e-01
5.462363417724767078e-01
-6.704177723377888753e-01
4.880137614499551191e-01
-6.776119226115722149e-01
-1.608689878287870023e-01
-9.074772195344935621e-01
5.346145889357778458e-02
6.183975561752868000e-01
9.042474981107995191e-03
-7.675044589010209251e-01
5.476030915942931010e-02
0.000000000000000000e+00
1.209998911445742120e-01
8.378522203098823784e-01
-5.329050886986019808e-01
-1.441634678705900896e-01
-7.457339278772114888e-01
0.000000000000000000e+00
-3.321580099938514774e-01
9.493739847363167339e-01
0.000000000000000000e+00
0.000000000000000000e+00
0.000000000000000000e+00
1.204595340613678900e-04
3.746291141237081401e-01
7.482784621151750137e-01
0.000000000000000000e+00
-5.409980654108670350e-01
