-1.574060255173057588e-01
-9.009162275000142106e-01
6.586799210633604851e-01
1.311916481917319022e-01
2.694232012257256059e-01
-3.414233386606020382e-01
-8.770959095032930808e-01
6.884851558301852137e-02
2.283757780685502503e-02
-6.144676669886233178e-01
6.324450838394737318e-01
-9.341052316183113824e-01
7.119202089094085473e-01
8.263126493023862373e-01
-7.966096205264776575e-01
9.002471808760064143e-01
8.780440801421003361e-01
-2.934499358740056962e-01
-1.317170515360279737e-01
6.310490403908235457e-01
-8.787828058463982295e-01
6.316084483705184383e-01
-9.759259433826219521e-01
2.533179441720381231e-01
-9.076091945694886309e-01
-9.429623629438443899e-02
4.169089593594481613e-01
7.460596283039788723e-02
-2.759985260617598968e-01
-4.716495917622460787e-01
-8.130390411054029265e-01
-4.294135262845450995e-01
-5.735085256053209513e-01
-5.291992079413603278e-01
-7.696342316230051495e-01
-6.119729797465192078e-01
-1.861983951190013808e-01
-7.980705100512517358e-01
4.481053872726228349e-01
-4.130712745079736514e-01
5.534709651420086640e-01
1.241356730458489377e-01
4.371171115551681918e-01
4.704742218388813235e-01
-2.849027167402655714e-01
3.613376793535314491e-01
-9.235133505117656405e-01
6.997974895928171790e-01
4.401484259581454062e-01
8.479511086279358789e-01
-3.043227499632670252e-01
-6.758245216500957664e-01
4.642527553039352828e-01
-6.395394838800383397e-01
7.537819515145356419e-01
-3.385721998428932178e-01
7.225390925915966545e-01
-8.513426801457684157e-01
9.296315766318601348e-01
5.475911275022313784e-01
1.000000000000000000e+00
-7.530555708765773737e-02
4.444176778771178338e-01
3.296783952658703942e-01
9.104826040942999299e-01
7.638499328633017171e-01
6.625813978983385866e-01
0.000000000000000000e+00
-4.557093088644721401e-01
-1.099316586790775041e-01
0.000000000000000000e+00
4.430204970319733260e-01
-1.466202049987641587e-02
0.000000000000000000e+00
9.360244895604561410e-01
0.000000000000000000e+00
1.000000000000000000e+00
-3.049387792645275042e-01
0.000000000000000000e+00
-3.782447021350729965e-01
7.028932892412791400e-01
0.000000000000000000e+00
-6.801872110857085652e-01
-9.802653170431510077e-01
7.112968631503224781e-01
0.000000000000000000e+00
1.067959122763926239e-01
0.000000000000000000e+00
8.054909375294820872e-01
-2.100122154689281206e-01
0.000000000000000000e+00
0.000000000000000000e+00
0.000000000000000000e+00
7.083065636931882292e-01
0.000000000000000000e+00
-1.543993616400762825e-02
1.351855205258025716e-01
8.154911744416759589e-02
0.000000000000000000e+00
1.000000000000000000e+00
0.000000000000000000e+00
0.000000000000000000e+00
1.000000000000000000e+00
8.911489192568453621e-01
-1.899204026616587715e-01
3.233918619924833759e-01
-2.626735786995342270e-01
-5.960231724729114777e-01
0.000000000000000000e+00
3.146172556788315866e-01
6.691707564489723925e-01
0.000000000000000000e+00
-5.695269530575557404e-01
-8.203138876301527826e-01
7.135906699698917333e-01
0.000000000000000000e+00
6.491202063961560853e-01
-1.484668614097794936e-02
0.000000000000000000e+00
1.000000000000000000e+00
7.118742624247207385e-01
8.693312856916377562e-01
0.000000000000000000e+00
0.000000000000000000e+00
-3.093067142034693351e-01
2.141602260441204386e-01
0.000000000000000000e+00
7.749050483780666188e-01
0.000000000000000000e+00
-3.849169094833859717e-02
-2.645604980711662169e-01
4.913604398384294747e-01
0.000000000000000000e+00
-8.126659778060734141e-01
0.000000000000000000e+00
0.000000000000000000e+00
-8.143430337117885109e-01
0.000000000000000000e+00
-2.661845343396047614e-01
4.795479735694885282e-01
9.376896656578603828e-01
-7.615444306487733073e-01
8.093905342094571687e-01
0.000000000000000000e+00
4.289762145215014755e-01
-5.351476833102513098e-01
-5.393756295077039020e-01
0.000000000000000000e+00
4.689194252421087228e-01
8.470902528175157098e-01
1.535084678384603940e-01
0.000000000000000000e+00
8.310594358089657963e-01
2.945490103415093763e-01
-2.878001556041585030e-01
1.931671444418416872e-01
0.000000000000000000e+00
-3.544235829606723343e-04
0.000000000000000000e+00
-2.317336172134265571e-01
7.588275651864073712e-01
-5.190571305757771814e-01
7.738847804997837088e-01
0.000000000000000000e+00
-6.806825399168328072e-01
0.000000000000000000e+00
0.000000000000000000e+00
-6.921770833637042042e-01
-4.898413234017160445e-01
-6.770404796476525711e-01
0.000000000000000000e+00
0.000000000000000000e+00
0.000000000000000000e+00
1.000000000000000000e+00
4.082516718446991266e-01
-8.567836908783694749e-01
-5.895450228573950735e-01
0.000000000000000000e+00
0.000000000000000000e+00
-4.032488884921929806e-01
-2.550834957249441537e-01
0.000000000000000000e+00
-5.687529433716753680e-02
0.000000000000000000e+00
-4.209095805607894203e-01
8.190172384094385194e-02
4.064770667432207052e-01
-7.519576024309650997e-01
-4.031253711781861426e-01
1.000000000000000000e+00
0.000000000000000000e+00
2.017494692207533191e-01
1.445050077426659474e-01
3.623188682387481485e-01
-7.376468423072239933e-01
-5.202279361621544584e-01
1.399992650164880725e-01
-9.040805908010669523e-01
-4.915045129524528988e-01
0.000000000000000000e+00
0.000000000000000000e+00
-7.944645940813648277e-01
0.000000000000000000e+00
-4.553703360367999942e-01
0.000000000000000000e+00
6.171041110653958661e-01
-7.163986788588121435e-01
0.000000000000000000e+00
7.468633804184157121e-01
2.558345762339320206e-01
-2.695473379274953007e-01
0.000000000000000000e+00
0.000000000000000000e+00
0.000000000000000000e+00
0.000000000000000000e+00
0.000000000000000000e+00
0.000000000000000000e+00
0.000000000000000000e+00
5.144918576058101767e-01
-1.355171460043178566e-01
0.000000000000000000e+00
-6.029884000403002986e-01
2.852613335015476981e-01
-3.510523087107888518e-01
0.000000000000000000e+00
-5.839260870163149875e-01
-9.951401162402584433e-01
8.352698152163426926e-01
0.000000000000000000e+00
-3.950776945751637292e-01
0.000000000000000000e+00
0.000000000000000000e+00
0.000000000000000000e+00
9.507688990618274882e-01
9.834390868057680812e-01
-5.776920609409437191e-01
-7.302278821298719969e-01
4.984928291382024756e-01
1.499526914944089295e-01
-6.695648144230672560e-01
6.945095830493297484e-03
0.000000000000000000e+00
-7.374702810835775946e-01
0.000000000000000000e+00
-7.641105875876275100e-02
0.000000000000000000e+00
0.000000000000000000e+00
6.917933932552247089e-01
0.000000000000000000e+00
7.887942578231130764e-01
-9.220776457670794013e-01
7.848294871512271342e-01
0.000000000000000000e+00
0.000000000000000000e+00
0.000000000000000000e+00
-4.687559521078490388e-01
2.625476727165261259e-01
2.007465453486083629e-01
9.187018627153689110e-01
0.000000000000000000e+00
0.000000000000000000e+00
6.196504109987532871e-01
1.404625819882987514e-02
-5.886999174790397138e-01
-9.786572863120075461e-01
