-8.171875234819607758e-01
-2.141219163266809833e-01
-4.059863848038847145e-01
9.274944034672258919e-01
-3.822630070110279998e-01
-5.229053338101414816e-01
-2.381650656199891802e-01
5.312548159487600063e-01
-2.856583903296039395e-01
8.645508647130029090e-01
-3.004471388917318020e-01
7.145931638321156854e-01
9.698693630069012972e-01
-7.197781941794154648e-01
2.012944811732957362e-01
6.568813890765001773e-02
5.820856461492143197e-01
1.130362100057924479e-02
-9.209766943507193826e-01
5.121702469145084091e-01
3.088746247618510132e-01
4.335030553653360652e-01
-8.154960832985369557e-01
9.518538085018619643e-01
-6.425627856930826720e-01
-4.348070043890617242e-01
-6.002519403034534129e-02
-9.582359155699826658e-04
-3.296568565526278860e-01
6.937406150193712318e-01
-2.189125588021303415e-01
5.803183671957738987e-01
7.031683511455382174e-01
-4.240332834005962059e-01
-7.942375652406217235e-01
9.946036866001577437e-01
3.182545109859298282e-01
-4.905918486221905184e-02
-4.977076077300308654e-01
5.579286687515232490e-01
6.250085775324865089e-02
-7.108039639258492137e-01
8.749634186070243125e-01
7.500246059006956401e-01
-8.385114562764608426e-01
-2.420289023217057078e-01
3.202027349158633740e-01
6.276021805631692985e-01
7.870454546199723289e-01
-1.961250878770217643e-01
-8.569157656347872187e-01
6.345312082133078846e-01
1.362323771265152583e-01
-9.063041295510401163e-01
-1.674839503835223731e-01
5.630885734174011503e-01
2.760947564948643684e-01
3.137550657572105717e-01
9.296315766318601348e-01
5.475911275022313784e-01
6.889687275115752296e-01
-7.530555708765773737e-02
4.444176778771178338e-01
3.296783952658703942e-01
9.104826040942999299e-01
7.638499328633017171e-01
6.625813978983385866e-01
-5.574370364998124661e-01
-4.557093088644721401e-01
-1.099316586790775041e-01
3.997493624093946263e-01
4.430204970319733260e-01
-1.466202049987641587e-02
-7.613657226225809538e-01
9.360244895604561410e-01
3.179890161551095495e-01
9.240127599465552954e-01
-3.049387792645275042e-01
3.869722524375651673e-01
-3.782447021350729965e-01
7.028932892412791400e-01
-8.212788666191654929e-01
-6.801872110857085652e-01
-9.802653170431510077e-01
7.112968631503224781e-01
8.852832870132849585e-01
1.067959122763926239e-01
9.977150358954456344e-01
8.054909375294820872e-01
-2.100122154689281206e-01
1.643030817157240531e-01
-3.568487370729203079e-01
5.189640257602823326e-01
7.083065636931882292e-01
-1.012099598045392845e-01
-1.543993616400762825e-02
1.351855205258025716e-01
8.154911744416759589e-02
-1.094654492469857576e-01
6.475435466897616621e-02
-2.287320253684501647e-01
-1.803637595349303346e-01
-6.592391319955872575e-01
8.911489192568453621e-01
-1.899204026616587715e-01
3.233918619924833759e-01
-2.626735786995342270e-01
-5.960231724729114777e-01
8.583565026351664962e-01
3.146172556788315866e-01
1.561363640484869642e-02
2.717045020047659243e-02
-2.368757655902999915e-01
9.273069051504512217e-02
9.663132085891015244e-01
-2.837583984161258233e-01
4.062684224208834571e-01
-1.372040360948805215e-01
4.248998616888990387e-01
-2.076536250620049096e-01
6.026430089294081416e-01
9.815684826350019598e-01
4.196097515294165969e-01
4.906817154244862422e-01
-8.976472895917826378e-01
3.709032333616599786e-01
3.856401596381973107e-01
-6.837439701712744178e-01
5.407668758594228464e-01
6.429403965567872525e-01
8.358265362722869796e-01
-1.748102436046592434e-01
-6.374050290045887301e-01
-5.955054436551119323e-01
-9.743514783016657965e-01
5.514823148175862499e-03
9.590918542878439368e-01
-2.592649989908972774e-01
4.666078643249327307e-02
-7.377942572324578396e-01
5.372548479333361104e-01
-2.897460784171626003e-01
-4.287591258533376415e-01
6.284519338982414993e-01
3.912225964583884164e-01
1.492273641561010500e-01
4.299440100076858950e-01
-7.294657517818821102e-01
4.186660981047263252e-01
1.462836155713733710e-01
2.454238205575338672e-01
-3.507804961112401809e-01
-9.843727860136208818e-02
-8.139861731308717374e-01
-8.471296193922150941e-02
-4.979385321537233011e-02
1.287776600984689157e-01
-1.558047116096483720e-02
2.233808850402552171e-01
9.712559991507485613e-02
9.925153729250124623e-01
-6.813548486628624445e-01
2.952003011143011779e-01
4.885421043557056642e-01
5.698209821489070848e-01
-6.544653827066770901e-01
-4.846632062542024499e-01
4.099863036515833947e-01
2.524728964186924163e-01
-3.535575369695906911e-01
6.335277887060350999e-01
-1.137923606354507289e-01
-4.794124772819343683e-01
-6.371538353129335697e-02
-5.725793731025359268e-01
4.912777005655410978e-01
9.334398250296331856e-01
4.454973196459248719e-01
1.528190696796760673e-01
-8.069716723475257592e-01
8.933970104890014419e-01
7.434397573030278039e-01
6.594709413029711254e-01
4.528896028918538708e-01
-8.433424771585431579e-01
-3.660409489091625002e-01
-2.788257459945486794e-02
2.031025127850603074e-01
-5.779486103682018872e-01
7.670306200140295516e-01
-1.535435748628732888e-02
4.489857715545066963e-01
7.695863104709730340e-01
-4.888261290721591656e-01
-6.117371674951985749e-01
1.610711489704468313e-01
-7.586220049318859182e-01
-9.433369522803687346e-01
-9.296496557616640288e-01
5.636742483122203495e-01
6.824677425012477539e-01
-2.306595796260018094e-01
-6.341306951709735351e-02
1.425473106466559337e-01
-3.831799416725374385e-01
-3.248533152898391840e-01
-2.269239628599899472e-01
-4.783182822872849016e-01
3.969940988151248185e-01
1.105125281513033020e-01
-7.761017286601070708e-01
-8.034517161685772457e-01
4.915620331161985046e-01
-3.448425679729760773e-02
7.169069233535168006e-01
4.378949675610117609e-01
1.709613145365911357e-01
-4.897511243878944764e-01
2.212198281261910093e-01
-6.319832846012674032e-02
4.965868634415881999e-01
-4.895250740324983418e-01
9.740113559464076420e-01
8.970350335927641527e-01
9.623733381591350611e-01
-2.301028085911192012e-01
-6.117773558692833902e-01
-1.056967241085593479e-01
5.317933791595943482e-01
3.061595614331247273e-01
-9.737695092752114423e-01
-5.511774607017274619e-01
9.225533428327317154e-01
6.804786737069279390e-02
-8.618300342853824070e-01
1.430856874764216968e-01
5.536146814657625370e-01
8.179817504597663991e-01
-7.684794537942829518e-01
4.211449355858392085e-01
-7.805061931853090051e-01
2.784979145778709864e-01
8.375404017109278065e-02
-9.572874833621596302e-01
-6.507350975659653702e-01
-1.622627403972527471e-01
4.144944118083837559e-01
9.750404343620355796e-01
-4.457551744408370098e-01
-4.465564705837985482e-01
3.782258957044655201e-01
-9.723395745426801628e-01
9.833234790720219998e-01
2.492456275178345226e-01
-4.552987666257939381e-01
4.696905351206115409e-01
-2.755915493682741246e-01
7.339720246469965126e-01
6.677175869679179421e-01
4.236789017593884932e-01
-5.036727950925639075e-01
6.674598567357461487e-01
4.298023107515804853e-01
2.662083929397374149e-03
-2.380132659240499216e-01
