2.429640309702558731e-01
-6.127431430955090352e-01
7.110712528103058094e-01
5.594919462314020819e-01
-5.126865729379026515e-01
8.209261780590138002e-02
4.150268740155242941e-01
-6.801094527290116876e-01
3.706624485199097041e-01
-9.217553096450523675e-01
-9.888787698462293552e-01
2.076893503190830881e-01
-1.659117206096072383e-01
2.589354947975370802e-01
-7.194416373561645095e-01
7.727772432649033796e-01
-2.141148423838656889e-01
5.834615376878105053e-01
7.585911584264484198e-01
-4.487377694379470761e-01
-6.067895051381626548e-01
-2.034643633708994592e-01
5.745500249465695930e-02
9.575325789834139290e-01
-1.212371862490055907e-01
-6.594423962709212717e-01
6.059563750910268443e-01
7.520955599989456175e-01
8.489098085451034503e-01
7.690752291695779341e-01
-3.891111834075537956e-01
-2.289082873102707971e-01
-4.994087283957602263e-01
5.947113099777021628e-01
7.430930254129810564e-01
-2.696895446091749360e-01
2.052337183330830150e-01
-9.341387725576184575e-01
-9.141823097643291263e-01
1.918210625860514718e-01
-4.442882293168401997e-01
-2.592559138036101274e-01
-7.397856689206052661e-01
9.489221805559382439e-01
6.070811606627362078e-01
7.169501279441068409e-01
-3.211796733590008834e-01
-7.485883155441452885e-01
-7.247388292434853163e-01
8.334600127666764724e-01
-3.844300682811851999e-02
-5.693967285111929399e-01
8.255212177925306261e-01
7.728899076823523284e-01
-6.085651959363880259e-01
6.057932578887859076e-01
-6.454379069143634240e-01
-7.845940643721662777e-01
-5.907801343318010989e-01
3.342929552953950445e-01
-8.769157646634195835e-02
-2.436861114048367583e-01
5.170307725504661445e-01
-6.036106156044225290e-01
5.447448613168199838e-01
4.552423479420035779e-01
-4.030030820705394756e-01
-9.398145654542502392e-01
-4.123598069199514438e-01
-3.612265271211974049e-01
-8.907998692138070496e-01
-9.570854042086198721e-01
4.486411054349777050e-01
-9.982802444529486063e-01
9.759028448817324009e-01
-9.611733497429695294e-01
-3.443465224372617151e-01
1.426052164464515215e-01
7.676212267375179810e-01
-5.979114028057828101e-01
-5.314339710830346952e-01
9.694839570166586817e-01
3.701618973904041709e-01
-7.635390922497171662e-01
5.121995562001357971e-01
-7.485110756967381374e-01
-1.242989712083051312e-01
3.776761998054167790e-01
-4.201024117446976458e-01
7.130599243600219683e-01
-9.243795005626773698e-01
-7.227417390341739356e-01
3.108318063125317110e-01
9.731620214237366451e-01
2.903160522973000646e-01
2.911115555570984448e-01
3.324728058141777076e-01
-2.382348123661315320e-01
-2.554976499371734988e-01
3.553892179838820109e-01
-8.207474963535512646e-01
9.633605748971025839e-01
-1.229737625108651145e-02
-3.404853187983678531e-01
-5.855248291756331991e-01
4.044386023458907964e-01
5.991342337575615851e-01
-3.340381070506084349e-01
-2.821412832866687648e-01
-4.439203010219383572e-02
-6.900228142631641415e-01
8.402738536699132510e-01
-9.049787697933189268e-01
4.146289240331983983e-01
6.653449933035984198e-01
5.345913574758935916e-01
-8.719833603954241230e-01
-5.768386083802554687e-01
-9.957116254126323618e-01
5.914648393026549211e-01
3.093496230971723993e-01
9.285305027263759392e-01
-7.861142078955480894e-01
6.382455556408979103e-01
-3.072495668265922131e-01
3.239175220753895967e-01
9.362230006406788707e-01
7.749050483780666188e-01
-9.083019541634085314e-01
-3.849169094833859717e-02
-2.645604980711662169e-01
4.913604398384294747e-01
-7.877352138273152615e-01
-8.126659778060734141e-01
-1.540188738347878505e-01
3.940781701155120498e-01
-8.143430337117885109e-01
1.240869185228254956e-01
-2.661845343396047614e-01
4.795479735694885282e-01
9.376896656578603828e-01
-7.615444306487733073e-01
8.093905342094571687e-01
7.419692288813983794e-02
4.289762145215014755e-01
-5.351476833102513098e-01
-5.393756295077039020e-01
7.488032405377000877e-01
4.689194252421087228e-01
8.470902528175157098e-01
1.535084678384603940e-01
7.508311557542861614e-01
8.310594358089657963e-01
2.945490103415093763e-01
-2.878001556041585030e-01
1.931671444418416872e-01
5.632486624104848794e-02
-3.544235829606723343e-04
-6.075700209170722399e-01
-2.317336172134265571e-01
7.588275651864073712e-01
-5.190571305757771814e-01
7.738847804997837088e-01
4.267618368640861970e-01
-6.806825399168328072e-01
9.535616861811413436e-02
-7.716686084333446161e-02
1.763889470584418806e-01
8.386210971689156413e-01
-6.996075806428945221e-01
9.447921094717817159e-01
9.894281857539624081e-01
7.803831727785282002e-01
9.262506928667790795e-01
-3.787843364236591626e-01
-4.956789840295219296e-01
-2.134685653967127728e-02
-1.957393753708915884e-01
-5.310373153725895801e-01
-8.548421538783554929e-01
-5.176388243991156823e-01
5.704147999442668038e-01
7.650043527675038924e-01
5.603824883727057671e-01
7.687971823717518749e-01
8.535860236715357985e-01
7.930941067991970073e-02
-2.902828151551892777e-01
-7.325504260931401390e-01
6.782658861134145400e-01
-2.067107585565282069e-01
2.657647125284336997e-01
-5.654809360237575966e-01
-2.159419054706319674e-01
-9.516543353724717935e-01
-1.817872317335127441e-01
-7.782214102639080089e-01
-4.737884497624977875e-02
9.505232989195433468e-01
3.487533575052235157e-01
-3.237420344020158769e-01
-8.066209554126224646e-01
-8.046771818684335109e-01
3.222200407960187363e-01
-9.833034475781650130e-01
9.943080640042301077e-01
-4.632892090505029703e-01
2.616057666500670731e-01
-5.742843329184186274e-01
4.419784247777802655e-01
-3.390599086716907795e-01
-8.042150491262496370e-01
9.225977787846832978e-01
6.274946978275957044e-01
-5.697673420298221547e-01
-9.423892157043494144e-01
-6.116959049235302093e-01
3.868977994040820878e-01
9.259537092640799383e-01
-3.407750727051892525e-01
-9.115012362974905802e-01
-5.507222827681388377e-01
7.941626640912839985e-01
-7.433464168078938172e-01
-6.863914094952261458e-01
9.689513501294619857e-01
-1.870210658029720641e-01
-7.140042502496344312e-01
3.051830009836984381e-01
9.384763783671052906e-01
-7.204443916977503193e-01
8.748757955306658562e-01
5.263706684839473127e-01
4.531196402842743165e-01
-9.492727750803466868e-01
-1.711829677619889356e-01
5.109426982875309164e-01
6.791478092713782999e-01
-4.762987729899812450e-01
-8.285822185848930044e-01
6.266592606637675367e-01
-5.033008410717185743e-01
4.179665798528160447e-01
6.257282173173404072e-01
3.010631057410144695e-01
-9.124343197467386091e-01
-5.211638107842286871e-01
-6.154218752847975260e-01
-1.522520074752029551e-01
7.527126031180242371e-01
-3.992715513630336055e-01
-9.723395745426801628e-01
9.833234790720219998e-01
2.492456275178345226e-01
-4.552987666257939381e-01
4.696905351206115409e-01
-2.755915493682741246e-01
7.339720246469965126e-01
6.677175869679179421e-01
4.236789017593884932e-01
-5.036727950925639075e-01
6.674598567357461487e-01
4.298023107515804853e-01
2.662083929397374149e-03
-2.380132659240499216e-01
