9.904799585578467624e-01
9.827811238008823391e-01
-1.921377968927744373e-01
8.736180406590605685e-01
-1.784445127051061952e-01
-9.139485277633567772e-01
-9.580961274994355126e-01
-1.625080017277507061e-01
8.327191151366730715e-01
-3.011108860258500108e-01
5.135891859840255869e-01
2.820516950982501214e-01
3.280765335490751777e-01
-8.462183497036355195e-01
-2.830931186541345568e-01
4.500867692824523925e-01
7.183425424649783064e-01
1.537360495143698103e-01
-8.028893788824262856e-01
-9.680380579835341504e-01
-1.873315564265034538e-01
5.270479177045175323e-01
-2.565799497522174288e-01
4.385813626227146322e-01
4.232050204048272146e-01
5.134804531745038592e-01
-8.687535150554146490e-01
3.071511923729646210e-01
-1.892323653067551348e-01
7.744422275662572464e-01
-2.665134519934377888e-01
8.486703466619416325e-01
-9.675997782033385342e-02
-2.921376039620187104e-01
-4.551031359531112486e-01
3.784711524245805148e-01
6.679376368648288764e-01
-6.202612603621742160e-01
-9.963831574813737380e-01
5.899003722822340201e-01
-2.396443364235307794e-01
0.000000000000000000e+00
-6.907255921604411597e-01
-4.632520101490493758e-01
-4.674792169060248970e-01
-4.861727421048962494e-01
-5.343677853788142418e-01
3.492779950239555120e-02
0.000000000000000000e+00
-3.820448880942248771e-01
-1.673370376460781017e-01
-3.286820852635363721e-02
0.000000000000000000e+00
5.329720868849983084e-01
9.707957713832433555e-01
-6.536063007594898888e-01
6.109167251059146597e-01
-4.108083726397990798e-01
0.000000000000000000e+00
5.423591173838526736e-02
1.494657052876446901e-01
-3.562831351275907998e-01
0.000000000000000000e+00
0.000000000000000000e+00
8.549484970049900934e-01
7.729045090387289818e-01
-7.994161957286816111e-02
-8.204326943706352626e-01
0.000000000000000000e+00
3.363393859102004058e-03
-5.944829398661077846e-02
2.779210400342280174e-01
-6.847759341356187690e-01
-5.629198645050614846e-01
6.294912860707435609e-01
4.691861304929905163e-01
9.675157101609233035e-01
0.000000000000000000e+00
9.434141294744855522e-01
7.781157820084536603e-01
0.000000000000000000e+00
0.000000000000000000e+00
-6.748329719047083675e-01
-8.593203230509118828e-01
6.282087334354147234e-01
-7.171858436805886861e-01
3.082487124834853986e-02
4.738506879449575493e-01
3.586308387821137700e-01
-5.598450467244098228e-01
5.739167266023434966e-01
-9.148470247388413856e-01
1.239815508026873569e-01
7.953760533260356702e-01
9.281973189766423715e-02
-3.948768789636907250e-01
9.944788986660726415e-01
4.537625223177814693e-01
5.830186489456472554e-01
7.922307828609658209e-01
8.699412822800325351e-01
1.480937746657009502e-01
6.488141749633926647e-01
3.788350462644585193e-03
0.000000000000000000e+00
-4.436148910889019525e-01
0.000000000000000000e+00
0.000000000000000000e+00
2.398851656765217388e-01
-1.994498593799514108e-01
8.206367152544158383e-01
-8.978061965719490445e-01
0.000000000000000000e+00
0.000000000000000000e+00
0.000000000000000000e+00
-4.148560206214475521e-01
9.146186993333715876e-01
2.918191261048854734e-01
-6.508211291740462201e-02
-6.314894490407756411e-01
-9.046771346371809130e-01
0.000000000000000000e+00
9.481399766161608955e-01
-1.111495455461761761e-01
3.509060070283132049e-01
7.608089186274662463e-01
-9.048948329746011598e-01
5.713629773272930201e-01
-9.624190288381209157e-01
-4.677609462577774213e-01
-7.713887108513786117e-01
2.267588383719854050e-01
7.650359091768774711e-01
4.214808101208933344e-01
-3.747038073637594113e-01
3.847880717121032745e-02
3.941421297188643091e-01
-6.007068148918326411e-01
4.539026521032683004e-01
-4.278762505961553053e-02
7.343506728839277464e-02
-7.580218582065059163e-01
7.401086513720946947e-01
5.666346551822991628e-01
-5.305955155976371795e-01
3.886814313910154084e-01
3.160187972067651785e-02
4.377387147069844442e-01
5.278276455146211354e-01
8.665806216661193773e-01
4.810617807170001203e-01
-5.805049652855625020e-01
3.072843188560248073e-02
-2.744192534966725106e-01
6.495412480885689455e-01
2.710276158179087957e-01
-2.276510345476512320e-02
5.856792297652524404e-01
-8.832911517787953581e-01
-6.636293474206063081e-01
1.472867890771405452e-01
8.066230695843110698e-01
7.676233625009785122e-01
4.317010100298042108e-01
5.912721390404378496e-01
-3.141485776980499356e-01
9.743577325965051550e-01
-4.677406901414622453e-01
-3.883066923480675836e-01
2.908344971281437985e-01
3.196114268938459180e-01
7.243675146648043128e-01
-8.509376719208039397e-01
2.636308036178536263e-01
2.828325567806162510e-01
5.630584288325621856e-01
9.250684407287164124e-01
-3.505902376484932859e-01
-5.180152161775017916e-01
-1.627096795574187738e-01
-3.097971804383929939e-01
-4.083076665980653885e-01
4.112501577782061712e-01
-2.810507044822772027e-01
-3.056197183497084691e-01
7.274579303996266955e-01
-8.510284495897750823e-01
6.293181700435581671e-01
-7.431705522457514590e-01
-1.303404190855410594e-01
1.813910583041131730e-01
-5.185900346107774617e-01
2.238762348617515663e-01
7.994547725898171198e-01
-1.476633678103689284e-02
3.272722195164543546e-01
-5.645004641105304533e-01
-9.693154413611870801e-02
1.845736053587330172e-01
-3.808251480734050620e-01
-7.740153721677955900e-02
7.139912104085088806e-02
-8.036013900979237512e-01
-2.450622215958768724e-01
-1.246046210121143361e-01
-4.420136681354900343e-01
2.916799340611397895e-01
8.206099901747514469e-01
7.948516187348646511e-01
-8.539247243665339937e-01
-1.797314876026658848e-01
-3.099235494627992082e-01
8.011427101627794922e-01
6.852941831447005860e-01
2.748166571122823143e-02
-7.219638951205344934e-01
-5.376828755487175204e-01
9.437596924825535361e-01
5.014366875118947409e-01
-6.099740806639681878e-01
-3.058231556976693799e-01
9.357482431948900281e-01
7.120481077204696696e-01
6.056806671204773007e-01
9.015005713523420727e-01
-4.788477420303194343e-02
-9.554066238819780565e-01
1.713137845996144382e-01
9.534780791966912528e-01
-2.639049380095732644e-01
6.253268713575428350e-01
7.401985760116223112e-01
-2.572598633052556316e-01
9.489506619766943096e-01
1.187463704826980937e-01
-5.440895313605380590e-01
2.737550306769223063e-01
5.462363417724767078e-01
-6.704177723377888753e-01
4.880137614499551191e-01
-6.776119226115722149e-01
-1.608689878287870023e-01
-9.074772195344935621e-01
5.346145889357778458e-02
6.183975561752868000e-01
9.042474981107995191e-03
-7.675044589010209251e-01
5.476030915942931010e-02
-8.196302538530571002e-01
1.209998911445742120e-01
8.378522203098823784e-01
-5.329050886986019808e-01
-1.441634678705900896e-01
-7.457339278772114888e-01
4.903667098584794104e-01
-3.321580099938514774e-01
9.493739847363167339e-01
-3.220639848993731569e-01
9.176227237417950988e-01
8.708151556214283051e-01
1.204595340613678900e-04
3.746291141237081401e-01
7.482784621151750137e-01
-4.875389482403580388e-01
-5.409980654108670350e-01
