8.388030640210564215e-01
0.000000000000000000e+00
-5.353435495893295037e-01
0.000000000000000000e+00
1.000000000000000000e+00
3.229483281012677232e-01
6.349157274412242646e-01
2.613597170374042378e-01
-5.449271890210112268e-01
1.712787084134936855e-02
-3.853322501574825143e-01
0.000000000000000000e+00
0.000000000000000000e+00
-6.308656541424755293e-01
-4.620830529027648570e-01
9.009528323660407345e-01
6.749271193874823993e-01
0.000000000000000000e+00
-7.516196357130660033e-01
7.864216306065932027e-01
8.333829522879931950e-02
-3.159371562385473453e-01
-8.997910513923887965e-01
0.000000000000000000e+00
-5.241077780841107980e-01
-9.579446703288279075e-01
4.894076786089029962e-01
7.639467163914019920e-01
-9.359344639930959886e-01
1.000000000000000000e+00
7.923649240242573999e-01
-3.815116410685193138e-02
-6.776542998170813625e-01
1.000000000000000000e+00
0.000000000000000000e+00
1.000000000000000000e+00
-4.527287694930035578e-01
0.000000000000000000e+00
6.071044028177372542e-01
4.531975732100734788e-01
5.890611200715136775e-01
-3.727673352605505031e-01
3.420212003190448158e-02
0.000000000000000000e+00
-8.784949331431788355e-01
0.000000000000000000e+00
0.000000000000000000e+00
2.610204124640740364e-01
0.000000000000000000e+00
-2.132633817467877169e-01
9.540172250989333858e-01
-2.781316080422646664e-02
8.121031782139302990e-01
1.764699542128012055e-02
1.314170770543696687e-01
1.000000000000000000e+00
-5.233042945518220357e-01
0.000000000000000000e+00
6.062955393525346626e-01
1.000000000000000000e+00
-3.816621867347353980e-01
0.000000000000000000e+00
-4.274256560353648648e-01
0.000000000000000000e+00
1.000000000000000000e+00
3.675612085911521554e-01
5.793189333299841870e-01
-6.640041752558933918e-01
0.000000000000000000e+00
1.979201569962423246e-01
9.420636881504165228e-01
3.786589788134020473e-01
4.001749091377060363e-01
4.652524912920856792e-01
-2.689543816524975206e-02
7.728717935258155869e-02
0.000000000000000000e+00
0.000000000000000000e+00
3.260374753350232524e-01
6.248505153192969175e-01
-8.732927861455850316e-01
6.692855879631682825e-01
0.000000000000000000e+00
-2.333338037766348183e-01
3.199096973799862020e-01
-5.930357701025210648e-01
-6.924557065226688568e-01
-1.539785740864714203e-01
1.672602274823076218e-01
0.000000000000000000e+00
0.000000000000000000e+00
5.132517285820041852e-01
-7.700860860061640167e-01
0.000000000000000000e+00
0.000000000000000000e+00
1.000000000000000000e+00
0.000000000000000000e+00
2.709145797671173028e-01
0.000000000000000000e+00
0.000000000000000000e+00
-1.763709059388696154e-02
0.000000000000000000e+00
0.000000000000000000e+00
0.000000000000000000e+00
2.976924726031773272e-01
0.000000000000000000e+00
0.000000000000000000e+00
-3.773466315601010646e-01
4.112149979619450502e-01
0.000000000000000000e+00
5.718000871350623626e-01
0.000000000000000000e+00
0.000000000000000000e+00
0.000000000000000000e+00
-6.541420109923490323e-02
3.929324990323892486e-01
7.873040535616149249e-02
-5.077106277355416530e-01
1.000000000000000000e+00
9.459753626897711154e-01
-4.508177257397387727e-01
0.000000000000000000e+00
0.000000000000000000e+00
1.467695179427863650e-01
8.808252401593108516e-04
0.000000000000000000e+00
7.514174467956040715e-01
0.000000000000000000e+00
-9.624190288381209157e-01
-4.677609462577774213e-01
-7.713887108513786117e-01
2.267588383719854050e-01
0.000000000000000000e+00
4.214808101208933344e-01
-3.747038073637594113e-01
3.847880717121032745e-02
0.000000000000000000e+00
0.000000000000000000e+00
0.000000000000000000e+00
-4.278762505961553053e-02
7.343506728839277464e-02
-7.580218582065059163e-01
0.000000000000000000e+00
0.000000000000000000e+00
1.000000000000000000e+00
3.886814313910154084e-01
1.000000000000000000e+00
0.000000000000000000e+00
0.000000000000000000e+00
8.665806216661193773e-01
0.000000000000000000e+00
-5.805049652855625020e-01
0.000000000000000000e+00
-2.744192534966725106e-01
6.495412480885689455e-01
2.710276158179087957e-01
0.000000000000000000e+00
5.856792297652524404e-01
-8.832911517787953581e-01
-6.636293474206063081e-01
1.472867890771405452e-01
0.000000000000000000e+00
7.676233625009785122e-01
4.317010100298042108e-01
0.000000000000000000e+00
0.000000000000000000e+00
9.743577325965051550e-01
7.311092890426145186e-01
2.280726239237100827e-01
8.111617744992261070e-01
8.236067681384231509e-01
0.000000000000000000e+00
-7.376588633185869881e-01
3.816627550924618362e-01
0.000000000000000000e+00
-4.937538805094596750e-01
0.000000000000000000e+00
7.774687981558294769e-01
-5.787867614058979093e-01
5.120075533592929329e-01
-3.334086455705012053e-01
-5.382537184605089564e-01
2.874306388416427716e-01
-8.513557234600011014e-02
3.042775609659211788e-01
0.000000000000000000e+00
0.000000000000000000e+00
9.375364669149988117e-01
8.243343968436047664e-01
6.226282699820513411e-01
1.489569337048000097e-01
2.506165675840543727e-01
0.000000000000000000e+00
3.380923656237699859e-02
4.857090944878661443e-01
9.905819325089948446e-01
-9.812771752907836209e-01
-2.020627002915931225e-01
-8.121412983301099509e-01
-2.807174774972749365e-01
3.939608183844249822e-01
0.000000000000000000e+00
2.500212868649041020e-01
1.777683792390627460e-02
5.121648757049368506e-02
-8.132814877466894021e-01
-3.864953353939799552e-01
-6.261342395188995713e-01
-5.442994882527840694e-02
-7.639226302411896707e-01
-1.909316560425899922e-01
-7.984531163776824592e-01
-1.426629722288210722e-01
-2.945876677388008513e-01
2.211564690786611553e-01
4.148453489507741843e-02
-8.301464811732921500e-01
-2.442079792492988233e-01
9.039198918440096708e-01
2.784968849550581993e-01
-7.991976155303357476e-01
0.000000000000000000e+00
-8.222125534659332491e-01
6.061731939957537563e-01
-3.491097409824761577e-02
-4.927869411475409578e-01
-1.040495011888362686e-01
-3.769065871575527638e-01
3.228840719926739933e-01
-9.914527013790825904e-01
3.722748867855105726e-01
2.526970512379840272e-01
-2.060451686325364129e-01
-2.191741618512244028e-01
-4.180104690604105055e-01
-4.715258774670716413e-02
-2.911769186293027278e-01
8.182053496116512559e-01
5.103867086223916605e-01
6.298746955936020964e-01
-6.938216322559176419e-01
3.714421432757919472e-01
5.825358048577689019e-02
-6.065255695746480935e-01
0.000000000000000000e+00
-7.399846290023937012e-01
0.000000000000000000e+00
4.807158704372649360e-01
0.000000000000000000e+00
0.000000000000000000e+00
-9.144893406668843649e-01
-1.392679840285522275e-01
6.759071426455640630e-01
4.638655798292170562e-01
0.000000000000000000e+00
7.284648176452130919e-01
7.506632090651790268e-01
5.742028454172323215e-01
-6.357711190761412556e-01
4.894276139118480806e-01
3.162621634825313333e-01
-6.014244172084957096e-01
4.563078960589048716e-01
0.000000000000000000e+00
-8.661016151459783874e-01
