-5.179671407307486763e-01
9.185054954791083137e-01
-6.621928171922462081e-01
2.293828563231374851e-01
-9.366716943276662821e-01
-3.055358310293621038e-02
-8.979291124103194743e-01
-4.067399582675061964e-01
1.635978010594236753e-01
3.300394996311839524e-01
-8.326575562910936146e-01
7.026424191328737301e-01
5.652191940030681927e-01
1.965153816352198657e-01
-7.007758421632170887e-01
-7.185634741507340717e-01
-4.546743006098943329e-01
-5.480495650845123023e-01
6.403324257867548663e-01
-2.895947878051881030e-01
-3.295702644125024783e-01
-3.397473128280368293e-01
-9.984324380414824063e-01
2.223658326681960951e-01
-8.460297666381910719e-01
-2.429234520278824583e-01
9.966364415381012698e-01
2.728913480482297871e-02
5.443265718685836863e-01
-7.003044018900328460e-02
7.724794752566488398e-03
2.308642424190430198e-01
7.936715493375503527e-01
-3.464795712424730834e-01
-4.212516802896091317e-01
-7.400704472304744375e-01
4.099224681395414738e-01
2.114844666655839589e-01
8.236968836794567039e-02
-8.365902973894239203e-01
1.704991897742083040e-01
-2.088564064354319072e-01
1.416459095748856534e-02
-6.677327901346525874e-01
-6.516426422731367296e-01
-1.419130601703486594e-01
5.922771784138685103e-01
-2.062688666126890613e-01
-5.911753663165240091e-01
8.130440677726813448e-02
9.541494554867813171e-01
-4.934020164714263412e-01
5.031672362495827056e-01
8.907096138653014528e-02
-1.499822473556495783e-01
1.883875094448959064e-01
-8.163480677123671203e-01
4.234616381855054179e-01
2.286836913210563704e-01
-8.900869790718664021e-01
-2.776817859938989219e-01
-2.588654661985090311e-01
5.160795444891064232e-01
2.598290773857689917e-01
-2.330488211414882826e-01
9.912858342740646922e-01
-5.359726299899203461e-01
2.110002031508173559e-01
-9.880863127365282494e-01
7.923050466909338230e-01
-4.480731901119727745e-02
-9.313217169444170107e-01
7.440977846119016803e-01
6.503832742565793801e-01
-4.201498351597510172e-01
-1.678997301525453345e-02
-9.775071142404159197e-01
-1.252680127922745079e-01
-3.454283847332157986e-01
-8.083569990691485962e-01
1.951760137857829758e-01
-9.544416918318057164e-01
3.734297101505019700e-01
1.261474809953357923e-01
9.667808325136075798e-01
7.378377918439229521e-01
4.708412246794311251e-01
-3.388585994711559302e-01
-4.978617231229869322e-01
-3.218018589794202633e-01
-7.129981026790752630e-01
2.145319681406732126e-01
-6.549510376070333262e-01
-3.011288827660998368e-01
3.186665907907881845e-01
5.702574245310123580e-01
5.139664338882241612e-01
-2.127236798561076281e-01
-4.618790533471428539e-02
7.344221224084090949e-01
4.669077359436166752e-01
6.502965738418708952e-01
-3.342515520983173616e-01
5.474080756890784549e-01
7.210013180834398128e-01
5.198475687817880608e-01
-5.809757944728031198e-01
8.184701290658196182e-01
3.453138531520405508e-02
-6.967559414237278759e-02
6.079079999147183333e-01
2.254413310418379446e-01
-3.001906295077312326e-01
3.261990510601882054e-01
-6.088431850905084985e-01
2.507935471538575989e-01
5.605036545118060598e-01
-3.208838828641016327e-01
-4.773561923498690351e-01
4.943444858158858590e-01
9.348391886634903614e-01
-7.082981112053221562e-01
-5.868499911832039118e-01
6.814701934554232565e-01
-7.359035569975485025e-01
-3.896840358879198885e-01
3.993788725749378710e-01
2.986109832062733282e-02
-2.703313494698014186e-01
5.028694491160525804e-01
-1.437597134608434857e-01
-5.257948848273596987e-02
9.716677014334480500e-01
8.753800700819120983e-01
8.609331524115406697e-01
-1.474500751906788754e-01
1.443359581873779884e-01
-3.567915606123257533e-01
-1.799581040134698995e-01
-1.872518460399366091e-01
3.734940734871443624e-01
-3.189044532560583178e-01
5.946466891087391904e-01
-9.098299492816748213e-01
5.748964421520406098e-01
-6.165958827410207288e-01
-7.838344827768857215e-01
8.505195950696158302e-01
-2.664209062415365814e-01
8.329358850721728658e-01
7.819677001390523685e-04
-4.062739138380597748e-01
8.707895734647475017e-01
-6.435412928397561405e-01
-3.440706223167506739e-01
-1.474941587681217747e-01
2.149532276318577573e-02
4.130335928094952536e-01
-4.556936248740530715e-01
1.550644996157963806e-01
-4.367633947979996378e-01
2.437629662513587370e-01
-6.563510408518415939e-01
-1.914362207599766830e-01
-6.956722956921970180e-01
-7.291597757775880595e-02
-3.294480886095008110e-01
-9.590897423339332928e-01
5.355760630761789987e-01
-2.349838070359391295e-01
6.481091126053504237e-01
-6.855431846871327117e-01
-8.144096305057142438e-01
-7.576890614573716931e-02
5.831325665508577671e-01
2.646192845436003971e-01
4.401671360325780658e-01
-1.762005801988331122e-01
7.306006052328086753e-01
7.329221164891079887e-01
1.332540854610182457e-01
3.998589249532646939e-02
9.095989504070505216e-01
-3.254194426657053274e-01
-7.146072928772517763e-02
-1.776021028233050192e-01
-9.856596824104815191e-01
9.100766308018499728e-01
4.191632480007942974e-01
-8.062891131256744170e-01
2.484957309579269857e-01
-1.006954727413118533e-01
3.609498693348935916e-01
-4.593648588477827754e-01
4.948058867322886467e-01
5.544257482429815198e-01
6.885540029015824182e-02
-4.283176463432294412e-01
3.517779710658504033e-01
-7.503518507857205311e-01
6.605100940764188078e-01
-7.182733237497986867e-01
7.550933054987867266e-01
-2.179612811228290870e-01
3.409993700367841551e-01
5.325967304414014336e-02
4.243727449041851951e-01
4.239678156632404882e-01
8.546678554957474194e-01
-2.767378936682012291e-01
-7.195873719003165192e-01
-2.161686691295594542e-02
9.750390666480817092e-01
4.736145140324941050e-01
-1.824944341908310008e-01
4.083888142694225287e-02
-9.477624391488055355e-01
-9.849290691061343139e-01
8.527551141164069204e-01
-7.941411065657688617e-02
-5.541261304564506496e-01
3.532216505461833744e-01
-8.122131627498392348e-01
-9.601920446277207866e-01
-9.744404207333556833e-02
7.219625037932451139e-01
-6.357827605161681106e-02
3.852523670807384004e-01
-9.563140429412080312e-01
-1.599782567846208536e-02
7.955215247999041228e-01
-5.525756546049314100e-01
5.744291640170449131e-01
-8.978851517358856782e-01
-6.103606660277758333e-01
-6.061038356409464978e-01
5.194575137426733491e-01
-9.747481386011755955e-01
3.538850235136665745e-01
-8.207581147050146964e-01
-6.476084480245152264e-01
-1.306544182577957791e-01
2.307355802446697801e-01
1.431727755541878366e-02
-5.153313304169215847e-01
4.018937490296194959e-01
-2.041530120786672065e-02
9.875670474648197139e-01
-5.830096210176107796e-01
-5.980858064393124174e-02
4.965366829836157514e-01
7.569501055338094808e-01
-3.776396466736731128e-01
6.127169841239574755e-01
-4.882699376640011746e-01
-5.932752983134899072e-01
3.481455786919052109e-01
9.755975334959039458e-01
6.703422040966098283e-01
-9.111665580970111922e-01
-1.480025611024822219e-01
5.307184710930701321e-01
5.470339292232604400e-01
6.289193956904017835e-01
-9.870812920624931763e-01
