6.066995075036096807e-01
-8.027246076459586543e-01
-1.760023766975453707e-01
-3.124108980809137126e-01
1.112092825046873124e-02
7.906693122366039717e-01
-8.691681742261867516e-01
-4.076107421220005467e-01
-7.660958416393981452e-01
5.090605315934360053e-01
2.705375603690995945e-04
4.038063138429848209e-02
1.556498324341100137e-01
-6.083616930794393252e-01
1.481416429632655962e-01
2.193957202747518487e-01
6.435423562834472477e-01
-5.579992567681510973e-01
-2.128261187539282062e-02
-3.395372887090397640e-02
-8.454206533938959378e-01
5.782680563478399538e-01
-5.939311709307932841e-01
4.559246279115887202e-01
-4.942196379140975093e-01
5.244075115565789424e-01
8.987252422375633376e-01
-8.480809959037007850e-01
-4.868779610126905411e-01
4.762916309136306925e-01
-4.906915168684231610e-01
-5.085782670436491681e-01
-2.110136785058200903e-01
3.946768903633457448e-01
7.002827541239720066e-01
2.753993488609922657e-01
-6.349463388906080308e-01
-4.341010681010470940e-02
-8.997223077243963196e-01
2.997776754576946256e-01
4.717549941188781126e-01
-6.107979983066573748e-01
-9.403778567185834270e-01
3.364629743764484537e-01
5.818694865886002709e-01
8.592663012981884840e-01
-9.574859019900252566e-01
7.798295055779735918e-01
4.963142198633743174e-01
-5.949888540785899238e-01
-9.027708129331095677e-01
6.885706936197786288e-01
-9.093625795166804249e-01
-1.260692391543376534e-01
-2.939149795095541418e-01
1.360210609552094940e-01
-7.103014603586688125e-01
9.604702860433977918e-02
4.650147159211877046e-01
-2.180298962087436898e-01
-8.645569401567312351e-01
2.067655639938594803e-01
-3.558344745991912639e-01
8.577570059624899379e-01
-3.999814962021333020e-01
-6.471413087193118585e-01
1.012853197870811073e-03
-2.365621132266721993e-01
-8.549854069217481811e-01
2.009910577119535802e-01
-4.097251908728634096e-01
8.517148004162846675e-01
-7.267743887608459907e-01
-7.739160829088453930e-01
3.109921205242671682e-02
4.937892914122583576e-01
8.787261399995660582e-01
3.965904828447499586e-01
8.272385831585880034e-01
-1.064143824280461281e-02
5.176686620262733740e-01
-1.785112186024728764e-01
-5.060783695868265042e-03
5.403568285484550149e-01
-9.243422947883421781e-01
4.152591652432164882e-01
-2.141904393829086040e-02
5.100757966966571466e-01
-5.472578855465126679e-02
-9.410893671374802594e-01
3.697111107768022986e-01
-9.606412078773773899e-01
2.167904828240467818e-01
7.710811557824226448e-01
6.931448204461498896e-02
-2.141518727155433677e-01
4.628772515828420975e-01
-5.865263345299123188e-01
8.047923097148588223e-01
-9.469331637334501561e-01
8.065836073473118262e-01
-9.237978383396148185e-01
7.785480449568411565e-01
-1.496081834517648534e-01
7.866992084295376664e-02
-3.915710557113976087e-01
4.723430026189987530e-01
9.342561147763712714e-01
-6.950245733141684479e-01
7.466301433937716503e-02
-7.077196729144392684e-01
5.520916633574624033e-01
-8.785642131339947980e-01
-3.405154118858644274e-01
-5.655596983488280216e-01
4.734671049199212778e-01
-5.882913967508529574e-01
7.742933150951083476e-01
6.108717889436590109e-01
-7.696232807160106049e-01
9.381458178477481979e-01
7.501791784573528243e-01
4.745684503959914924e-01
4.527996675243759483e-01
-4.011213141697296258e-01
-5.233513104929807813e-01
-3.724684326770848486e-01
9.839175487869218362e-01
6.061171983992224011e-01
-6.572676050067876030e-01
-5.246021492488290860e-01
3.193475898051927331e-01
-2.713958340613298326e-02
-4.847257964538860264e-01
-7.367063436217282657e-01
-4.848861949753249245e-01
-3.608835286492615424e-01
-4.743575824976731248e-01
-3.899571682807689843e-01
2.304039124064161115e-01
5.557190829776570418e-01
1.561184432197877392e-01
-3.446989907338142700e-01
-6.649118096440407299e-01
-8.556116712380625877e-01
9.884404226009497751e-01
-5.887359539047736234e-01
2.570802979555801837e-01
-3.003065575925463193e-01
-8.090940277599172337e-01
3.450845696743372049e-01
1.675333837728694153e-01
-9.199377183196542074e-01
3.074511498286198741e-01
8.343831445018017323e-01
-2.639481592286072598e-01
-1.016816426740743129e-01
9.149472090338037766e-01
4.453697092086557063e-01
7.210238815490939146e-01
-6.340672022413085251e-02
5.835609696215688924e-01
-3.502884639275678502e-01
-6.599880185209929806e-01
-4.147135570044460096e-01
-4.988991315751503119e-01
-4.694352717116583307e-01
8.870046756174809754e-01
-8.400708966486929441e-01
5.120080191310347750e-01
-4.194012392849535420e-01
-2.025237329202669301e-01
9.926305699026041207e-01
1.748992689342505624e-01
2.860274910317193164e-01
6.473491918500045017e-01
-8.728099815862502275e-01
-3.181983246258364151e-01
-7.944923427216172840e-01
7.216019503263739754e-01
3.565695177323882081e-01
6.966437151100308700e-01
1.267996618592019953e-01
-8.643540569968799492e-01
-3.626431006988140027e-02
6.955431849088620222e-01
8.874960600633372554e-01
7.123533325126354399e-01
-9.120145216652477682e-01
8.195908605249817569e-01
-1.483515756083209070e-02
2.879767332248268641e-01
-8.154991207996402647e-01
9.650898539901140438e-01
4.557513123062031379e-01
1.213232175338361252e-01
6.613801536106425072e-01
-2.481601213403297201e-01
-3.093471689563318527e-01
-4.195144437360334155e-01
-7.282037326769750241e-01
5.020984211828238841e-01
1.505875819629076684e-01
3.119282229826809694e-01
5.814426212237002733e-01
-1.267357526009906810e-01
-5.170899681276486248e-02
2.331847917299834094e-02
-4.904492820547838861e-01
7.956407493341288717e-01
5.133351963443313348e-01
-4.473037405378441633e-01
-5.290227491091874512e-01
7.123584897996826371e-01
-4.803468637274819208e-01
-1.255813913313530428e-01
-5.497519590596549044e-01
-2.834729000526348131e-02
-7.175104784374106703e-01
-3.748651677505820956e-01
-8.108182640100605187e-01
2.605677782181434754e-01
2.449475379040610967e-01
-4.549834719679077821e-01
7.747130113469331558e-01
9.294568703447010360e-01
8.930602600632271404e-01
-4.606756264769282794e-01
5.178490353703950611e-01
4.491779133692628267e-01
-7.556172937955880631e-01
-1.969455702393023699e-01
7.854640992569741353e-01
2.326337045735018538e-01
3.553904147173434502e-01
9.667421137279379462e-01
8.375296625368882086e-01
-7.823792345560045547e-01
7.927038874629162013e-01
-2.664531710704542977e-01
-2.602624435926119695e-01
-8.283623363406071860e-01
1.346251130451399103e-01
8.579169982520820081e-01
-7.460510112555833739e-01
1.522841879567893297e-01
3.271761729218798376e-01
3.647368126034302716e-01
-8.873366991655911029e-01
-4.932605350216330287e-01
2.886085863009208996e-01
-1.661298226946514855e-01
-3.061640868265054216e-01
-1.484430949479940143e-01
-2.198161271285066221e-01
4.848375729546756663e-01
-2.453846433137085725e-01
1.895075011151128308e-01
-5.618658500530246958e-01
3.653082270043528368e-02
-5.535518249025175308e-01
1.117251534543652891e-01
5.727894464810658892e-01
5.569316103805115326e-01
-6.531324085396081891e-01
