-8.171875234819607758e-01
-2.141219163266809833e-01
-4.059863848038847145e-01
9.274944034672258919e-01
-3.822630070110279998e-01
-5.229053338101414816e-01
-2.381650656199891802e-01
5.312548159487600063e-01
-2.856583903296039395e-01
8.645508647130029090e-01
-3.004471388917318020e-01
7.145931638321156854e-01
9.698693630069012972e-01
-7.197781941794154648e-01
2.012944811732957362e-01
6.568813890765001773e-02
5.820856461492143197e-01
1.130362100057924479e-02
-9.209766943507193826e-01
5.121702469145084091e-01
3.088746247618510132e-01
4.335030553653360652e-01
-8.154960832985369557e-01
9.518538085018619643e-01
-6.425627856930826720e-01
-4.348070043890617242e-01
-6.002519403034534129e-02
-9.582359155699826658e-04
-3.296568565526278860e-01
6.937406150193712318e-01
-2.189125588021303415e-01
5.803183671957738987e-01
7.031683511455382174e-01
-4.240332834005962059e-01
-7.942375652406217235e-01
9.946036866001577437e-01
3.182545109859298282e-01
-4.905918486221905184e-02
-4.977076077300308654e-01
5.579286687515232490e-01
6.250085775324865089e-02
-7.108039639258492137e-01
8.749634186070243125e-01
7.500246059006956401e-01
-8.385114562764608426e-01
-2.420289023217057078e-01
3.202027349158633740e-01
6.276021805631692985e-01
7.870454546199723289e-01
-1.961250878770217643e-01
-8.569157656347872187e-01
6.345312082133078846e-01
1.362323771265152583e-01
-9.063041295510401163e-01
-1.674839503835223731e-01
5.630885734174011503e-01
2.760947564948643684e-01
3.137550657572105717e-01
9.296315766318601348e-01
5.475911275022313784e-01
6.889687275115752296e-01
-7.530555708765773737e-02
4.444176778771178338e-01
1.274814078136896622e-01
-6.454619148057871847e-01
-5.149972021345994300e-01
0.000000000000000000e+00
0.000000000000000000e+00
-7.720690463131281156e-01
-8.352588755505165885e-01
-7.847245208507280800e-01
-6.064568076349967640e-01
-4.345400413744955337e-01
0.000000000000000000e+00
0.000000000000000000e+00
8.838328231741052754e-01
9.240127599465552954e-01
2.416494701782982979e-01
3.260374753350232524e-01
6.248505153192969175e-01
-8.732927861455850316e-01
6.692855879631682825e-01
-7.006684596571686185e-01
-2.333338037766348183e-01
3.199096973799862020e-01
-5.930357701025210648e-01
-6.924557065226688568e-01
-1.539785740864714203e-01
1.672602274823076218e-01
4.158482349406620315e-01
2.503080094566059177e-01
5.132517285820041852e-01
-7.700860860061640167e-01
-6.997356841606183764e-01
6.995349728768402997e-01
-6.890142822307347981e-01
-8.962833266305261226e-01
2.709145797671173028e-01
-6.634349131815497902e-01
4.165061300020040935e-01
-1.763709059388696154e-02
8.415584676832366107e-02
-7.589341995963134746e-01
-6.075722157872436302e-01
2.976924726031773272e-01
8.764918258936897910e-01
-1.453622602512862905e-01
-3.773466315601010646e-01
4.112149979619450502e-01
5.862471617634483767e-01
5.718000871350623626e-01
4.468562161964813040e-01
-4.728312445712501422e-01
7.217590318008202388e-01
-6.541420109923490323e-02
3.929324990323892486e-01
7.873040535616149249e-02
-5.077106277355416530e-01
1.418038516793234116e-01
9.459753626897711154e-01
-4.508177257397387727e-01
-4.742504190871743575e-03
8.183025591609063287e-01
1.467695179427863650e-01
8.808252401593108516e-04
8.252435538391447167e-01
7.514174467956040715e-01
5.713629773272930201e-01
-9.624190288381209157e-01
-4.677609462577774213e-01
-7.713887108513786117e-01
2.267588383719854050e-01
7.650359091768774711e-01
4.214808101208933344e-01
-3.747038073637594113e-01
3.847880717121032745e-02
3.941421297188643091e-01
-6.007068148918326411e-01
4.539026521032683004e-01
-4.278762505961553053e-02
7.343506728839277464e-02
-7.580218582065059163e-01
7.401086513720946947e-01
5.666346551822991628e-01
-5.305955155976371795e-01
3.886814313910154084e-01
3.160187972067651785e-02
4.377387147069844442e-01
5.278276455146211354e-01
8.665806216661193773e-01
4.810617807170001203e-01
-5.805049652855625020e-01
3.072843188560248073e-02
-2.744192534966725106e-01
6.495412480885689455e-01
2.710276158179087957e-01
-2.276510345476512320e-02
5.856792297652524404e-01
-8.832911517787953581e-01
-6.636293474206063081e-01
1.472867890771405452e-01
8.066230695843110698e-01
7.676233625009785122e-01
4.317010100298042108e-01
5.912721390404378496e-01
-3.141485776980499356e-01
9.743577325965051550e-01
-4.677406901414622453e-01
-3.883066923480675836e-01
2.908344971281437985e-01
3.196114268938459180e-01
7.243675146648043128e-01
-8.509376719208039397e-01
2.636308036178536263e-01
2.828325567806162510e-01
5.630584288325621856e-01
9.250684407287164124e-01
-3.505902376484932859e-01
-5.180152161775017916e-01
-1.627096795574187738e-01
-3.097971804383929939e-01
-4.083076665980653885e-01
4.112501577782061712e-01
-2.810507044822772027e-01
-3.056197183497084691e-01
7.274579303996266955e-01
-8.510284495897750823e-01
6.293181700435581671e-01
-7.431705522457514590e-01
-1.303404190855410594e-01
1.813910583041131730e-01
-5.185900346107774617e-01
2.238762348617515663e-01
7.994547725898171198e-01
4.948058867322886467e-01
5.544257482429815198e-01
6.885540029015824182e-02
-4.283176463432294412e-01
3.517779710658504033e-01
-7.503518507857205311e-01
6.605100940764188078e-01
-7.182733237497986867e-01
7.550933054987867266e-01
-2.179612811228290870e-01
3.409993700367841551e-01
5.325967304414014336e-02
4.243727449041851951e-01
4.239678156632404882e-01
8.546678554957474194e-01
-2.767378936682012291e-01
-7.195873719003165192e-01
-2.161686691295594542e-02
9.750390666480817092e-01
4.736145140324941050e-01
-1.824944341908310008e-01
4.083888142694225287e-02
-9.477624391488055355e-01
-9.849290691061343139e-01
8.527551141164069204e-01
-7.941411065657688617e-02
-5.541261304564506496e-01
3.532216505461833744e-01
-8.122131627498392348e-01
-9.601920446277207866e-01
-9.744404207333556833e-02
7.219625037932451139e-01
-6.357827605161681106e-02
-7.140042502496344312e-01
3.051830009836984381e-01
9.384763783671052906e-01
-7.204443916977503193e-01
8.748757955306658562e-01
5.263706684839473127e-01
4.531196402842743165e-01
-9.492727750803466868e-01
-1.711829677619889356e-01
5.109426982875309164e-01
6.791478092713782999e-01
-4.762987729899812450e-01
-8.285822185848930044e-01
6.266592606637675367e-01
-5.033008410717185743e-01
4.179665798528160447e-01
6.257282173173404072e-01
3.010631057410144695e-01
-9.124343197467386091e-01
-5.211638107842286871e-01
-6.154218752847975260e-01
-1.522520074752029551e-01
7.527126031180242371e-01
-3.992715513630336055e-01
-9.723395745426801628e-01
9.833234790720219998e-01
2.492456275178345226e-01
-4.552987666257939381e-01
4.696905351206115409e-01
-2.755915493682741246e-01
7.339720246469965126e-01
6.677175869679179421e-01
4.236789017593884932e-01
-5.036727950925639075e-01
6.674598567357461487e-01
4.298023107515804853e-01
2.662083929397374149e-03
-2.380132659240499216e-01
