5.823845096768223151e-01
-1.253484826799677876e-01
1.937474201775517546e-01
-4.377796537622007378e-01
8.826533330855541593e-01
-8.974254226709441618e-01
1.338191132023298646e-01
-1.895642083776492015e-01
-9.074628363121757246e-01
-3.273783198997772814e-01
-7.005747632807899361e-01
4.072218073966680230e-01
-2.340076572090121765e-01
-8.204386196242265950e-01
-5.896124320860620660e-01
-7.312157931762683916e-01
-6.923712191496331769e-01
-5.790202039593050909e-01
8.161790757893929715e-01
-6.597388118703282345e-01
-6.713095283756718157e-01
-1.324579665961154173e-01
6.315750218112268222e-01
-5.448117619734371697e-01
6.083927091373912965e-01
-7.219538205399649300e-01
4.617309814941712443e-01
5.285490349175425706e-02
9.787306604234207175e-01
3.234592312756783272e-01
-6.313511541931982052e-01
9.438854450637181870e-01
-1.202588355855294111e-02
-2.368263138201709417e-02
8.513293018947010182e-02
-2.036411539297944273e-01
4.252995824738170505e-02
-8.954591812748231572e-01
-7.833796711037321892e-01
1.423896652346716696e-01
1.289226993235985663e-01
-6.723622391339649784e-01
-1.890190456051314971e-01
1.046123624472163893e-01
3.233028033858542649e-02
-7.321594741276347129e-01
-1.944546789782124474e-01
-7.277084787804679600e-01
-7.187530908883068559e-01
2.416873605301381733e-01
6.081449088604231612e-01
-7.461105446498867977e-01
9.669307594285601049e-01
-4.083746439669690975e-01
4.405756750260854115e-01
-7.937139576354874659e-01
6.787002901056153892e-01
-5.485142412610644058e-01
8.525715720625193228e-01
9.480257519601331673e-01
-7.378485415994116003e-01
-5.751379651134980175e-01
-5.624775076722365874e-02
6.294159081499599573e-01
-1.556645189308489829e-01
-5.692220453443632699e-01
-9.500883903591148538e-01
7.691545388041511888e-01
7.989003122037856564e-01
5.884550644474144665e-01
-1.224151195470490894e-01
-1.253456102007737272e-01
-3.361567048105185140e-01
-5.492332902008592033e-01
6.733811759553187670e-02
1.966973715420181623e-01
-9.702979934091060521e-02
4.599729254151092572e-01
-1.900170300084704778e-01
-7.335170070939249776e-01
1.627455761243450372e-01
2.294438469981492368e-01
1.182876655614921724e-01
-1.113087085036168489e-01
6.140718490850938238e-02
2.619853530304803169e-01
1.996232169659171163e-01
-7.007335177862199505e-01
9.172720818449360269e-01
5.560240221869743316e-01
-8.052163343400140505e-01
-3.359467650816740925e-01
4.961121161997432694e-01
-7.365791707327116189e-01
8.373365589164025735e-01
2.687588189559426688e-01
6.295002906276812027e-01
-6.056203998919351683e-01
-8.032218319118586969e-01
1.978766493152976924e-01
5.438003819226493452e-01
-9.126958126831967721e-01
7.479134777107994125e-01
6.330451699213841543e-01
-5.503859751472628403e-01
-5.455648339318324158e-01
8.040288269912798658e-01
-4.491640356536610312e-01
-4.061625318782087213e-01
9.261510526370930751e-01
-9.881866760548514428e-01
5.928372260759329215e-01
-5.093972991650459470e-01
-5.916830525118939033e-01
-2.389968050771125174e-01
9.038741502128568861e-01
6.730191329891737073e-01
6.215723192429301047e-01
2.717967258787974405e-01
3.657192092504961689e-01
-9.270718306503049622e-01
-6.880671711600763185e-01
4.535020598277073045e-01
-3.247439582584228379e-01
4.461582676441868678e-01
-6.628785242535548683e-01
2.457186981066843412e-01
-7.498706822877696521e-01
-6.836705930894337868e-02
4.071917142122272182e-02
6.252945904165536639e-01
1.441629891912277195e-02
5.125778591295313547e-01
-2.961162656551126204e-01
6.074420687401276275e-01
-2.880254044413768089e-01
-2.692063811405724927e-01
-1.925038885513630227e-01
9.868893044910818091e-01
-9.763925083097733104e-01
2.188184441387985846e-01
9.735645212476011778e-01
6.748881717614374498e-01
-9.297820901446818276e-01
-1.994541210391380659e-01
-5.769367686978783549e-01
5.522059535732948277e-02
-4.473622387847371318e-01
5.831290854131079282e-01
-1.902932391599696516e-01
7.416177956377607572e-01
-6.229841354560838873e-01
-2.380322620714636628e-01
5.182542440011901341e-01
6.102992002622762424e-01
5.485618236504528067e-01
-2.997447080712789536e-01
-5.233176552938545445e-01
-1.345150598476998471e-01
-6.474333445033464418e-01
9.244401977626388600e-01
-6.898213832570647686e-01
1.158192230378765064e-01
-4.098509901891906893e-01
-9.801119472393211574e-01
-3.003727764049832771e-01
3.839351457678350510e-01
3.501013206811656175e-01
7.469270938737591070e-01
2.830610956060202188e-01
-8.919931205325972723e-01
-2.229441174578163931e-01
3.673391797388880775e-02
1.086186386836218709e-01
1.359072199049546903e-01
-3.898383793017639043e-01
-3.832248220574876463e-01
-3.854760819251275006e-01
-5.972788920812353020e-01
-5.992275459732550047e-01
-9.098737892037462860e-01
9.590291773190280367e-01
6.427301776861025218e-01
-9.919404632085990769e-01
-5.100479166507685402e-01
-4.932453124210325335e-01
3.362388600360708413e-01
-3.900412460225539668e-01
-9.971242056118412300e-02
7.774151671796423191e-01
4.768492585856809463e-02
-7.445414950520337083e-01
4.408974299503072292e-01
2.356336298269161578e-01
8.760730887108247877e-02
9.827933477714443367e-01
-6.841047664243491422e-01
-6.882190574891442481e-01
-2.430637206722028321e-01
-7.379021033208377212e-02
-3.386169270631060879e-01
2.053608506760233876e-01
5.550751585365776286e-02
4.775750255476467476e-01
-6.968384579569733006e-01
3.577281599967840897e-02
8.942321323350432838e-01
-3.551272422565561193e-01
-9.436088384645118232e-01
-7.498751931860532238e-01
-2.996192434269218108e-01
8.491293646593345290e-01
3.973665989682397814e-01
5.773710356779957475e-01
-8.822208189706550741e-01
4.376928730077924712e-01
1.031369656331453388e-01
8.420796608245983972e-01
-6.672333503736100901e-01
-7.697419286757556378e-01
-9.186305628805073731e-01
-4.033790969424284611e-01
6.206023089885315258e-02
-2.625788014922094682e-01
9.360805007050174709e-01
-6.775681696480801985e-01
-7.276014876148473309e-01
-9.803785439301233584e-01
5.174927367448360904e-01
-8.042673337355488172e-02
-3.024230951322293137e-01
3.208820795325784125e-02
-8.443683102002816909e-01
2.845984345940635318e-01
3.553904147173434502e-01
9.667421137279379462e-01
8.375296625368882086e-01
-7.823792345560045547e-01
7.927038874629162013e-01
-2.664531710704542977e-01
-2.602624435926119695e-01
-8.283623363406071860e-01
1.346251130451399103e-01
8.579169982520820081e-01
-7.460510112555833739e-01
1.522841879567893297e-01
3.271761729218798376e-01
3.647368126034302716e-01
-8.873366991655911029e-01
-4.932605350216330287e-01
2.886085863009208996e-01
-1.661298226946514855e-01
-3.061640868265054216e-01
-1.484430949479940143e-01
-2.198161271285066221e-01
4.848375729546756663e-01
-2.453846433137085725e-01
1.895075011151128308e-01
-5.618658500530246958e-01
3.653082270043528368e-02
-5.535518249025175308e-01
1.117251534543652891e-01
5.727894464810658892e-01
5.569316103805115326e-01
-6.531324085396081891e-01
