-9.439905704904827388e-03
-8.280276070261094468e-02
-6.655553317194868868e-01
7.675563534583804692e-01
1.670947828734243856e-01
5.187469844913090711e-01
-5.192187964856633808e-01
4.433753528106387787e-01
3.902155274298473309e-01
5.484543046130549993e-01
-6.288617317998499434e-01
8.988283212454546423e-01
-8.760038996419394763e-02
-8.392834769848762644e-01
8.438578246378576342e-01
-3.884141904166014125e-01
7.915236781918602027e-01
-5.845002371970353661e-01
-8.549551316580732419e-01
2.671899611691275211e-02
9.735420364114233394e-02
3.477978129604124558e-01
2.819659317000193788e-01
-2.764158354831172115e-01
5.197350155585163112e-01
3.000666214379510421e-02
-7.105997849747229811e-01
1.682132033001142446e-01
-2.956911667512596154e-01
9.072253988053669005e-02
-6.834668476792613578e-01
-4.948586834394634870e-01
-4.705399848914679772e-01
3.272882368657274998e-01
-9.528464403146377215e-01
-1.674208324229198297e-01
-1.964645030262268666e-01
7.473870031357774391e-01
-7.543792280461592004e-01
2.917602104585870215e-02
6.205861620663306599e-01
-1.836626184477549995e-01
9.121071393304858166e-01
-4.917298061141204268e-01
-9.928583559440040673e-03
-3.892621488088172654e-01
-4.369459142031775212e-01
-8.593152640788570551e-01
5.539330676902181061e-01
3.082458648004076096e-01
6.727620620573124821e-01
-4.628965051785383089e-02
-6.356527384615955345e-01
3.206954914445439009e-01
8.686832399603616750e-01
1.139916162032035274e-01
-4.738349625086377692e-01
4.565217865821535881e-02
7.073891815131354566e-01
6.385580900579979069e-01
2.539887046878097632e-01
4.831488547026958624e-01
-9.362988339205016164e-01
-7.255027562378091321e-01
-9.779255818226721964e-01
-9.921873033887873561e-02
-2.066281662753133297e-02
-9.650636129826062337e-01
6.394590247580207443e-01
9.448860187594476656e-02
4.629351604740303827e-01
9.319976395979117090e-01
5.287692940392259011e-01
4.937429613433206299e-01
2.764648486236167546e-01
4.998179718500495028e-02
5.356871197007249119e-01
5.652886286849450048e-01
-4.029189706987130748e-01
6.096056078386600241e-01
-7.016386359005706286e-01
6.457803920011562226e-02
8.406472275423246820e-01
-5.633503669239492417e-01
7.819992197669956013e-01
-3.192840590033507731e-02
4.592674535199881003e-01
-6.972250120307963428e-01
-8.976252041766517031e-01
-4.979299266292795956e-01
1.910949053997392788e-01
7.848189182411442477e-01
1.291322461238666452e-01
4.446228238082317041e-02
-2.404072219155912737e-01
1.805853314184036051e-03
4.275505785822666383e-01
7.340577097794547257e-01
-3.072829154775049698e-01
3.477685296463923770e-01
-3.064986583517368413e-01
-4.935519246105510849e-01
-8.901115008481486068e-01
-1.906919476873334407e-01
2.181996105494434790e-01
1.835340616814207237e-02
-1.037392747409469074e-01
5.395718610756214950e-01
-9.353858207107301759e-02
3.820953798431687698e-01
1.116819503544415060e-01
8.995393880019066923e-01
-3.342102146445702360e-01
-1.160052818565275867e-01
5.355739535905013060e-01
-4.080904469683457325e-01
5.892049907919354457e-01
-3.513624478922163785e-01
-6.924391281926822739e-01
9.183250129051989674e-02
1.215803981243297471e-01
-3.890974365013257774e-01
-4.537786297901114096e-01
9.952170002119349324e-01
7.920636269148406683e-03
4.202843987529985004e-01
-1.602258846417321525e-01
1.002919495170051523e-01
-4.282136312264970268e-01
-6.620160180548793072e-01
6.658814984383010227e-01
3.633397987033804011e-01
-3.915248429093405313e-01
-1.876970475080359524e-01
1.197093053810140972e-01
-8.700620717378426683e-01
2.297449110183742427e-01
9.899626711277911273e-01
3.700756113792080804e-01
-6.797332633708053073e-02
-7.588066656157417267e-01
7.785321469959161078e-02
7.401086513720946947e-01
5.666346551822991628e-01
-5.305955155976371795e-01
3.886814313910154084e-01
3.160187972067651785e-02
4.377387147069844442e-01
5.278276455146211354e-01
8.665806216661193773e-01
4.810617807170001203e-01
-5.805049652855625020e-01
3.072843188560248073e-02
-2.744192534966725106e-01
6.495412480885689455e-01
2.710276158179087957e-01
-2.276510345476512320e-02
5.856792297652524404e-01
-8.832911517787953581e-01
-6.636293474206063081e-01
1.472867890771405452e-01
8.066230695843110698e-01
7.676233625009785122e-01
4.317010100298042108e-01
5.912721390404378496e-01
-3.141485776980499356e-01
9.743577325965051550e-01
-4.677406901414622453e-01
-3.883066923480675836e-01
2.908344971281437985e-01
3.196114268938459180e-01
7.243675146648043128e-01
-8.509376719208039397e-01
2.636308036178536263e-01
2.828325567806162510e-01
5.630584288325621856e-01
9.250684407287164124e-01
-3.505902376484932859e-01
-5.180152161775017916e-01
-1.627096795574187738e-01
-3.097971804383929939e-01
-4.083076665980653885e-01
4.112501577782061712e-01
-2.810507044822772027e-01
-3.056197183497084691e-01
7.274579303996266955e-01
-8.510284495897750823e-01
6.293181700435581671e-01
-7.431705522457514590e-01
-1.303404190855410594e-01
1.813910583041131730e-01
-5.185900346107774617e-01
2.238762348617515663e-01
7.994547725898171198e-01
-1.476633678103689284e-02
3.272722195164543546e-01
-5.645004641105304533e-01
-9.693154413611870801e-02
1.845736053587330172e-01
-3.808251480734050620e-01
-7.740153721677955900e-02
7.139912104085088806e-02
-8.036013900979237512e-01
-2.450622215958768724e-01
-1.246046210121143361e-01
-4.420136681354900343e-01
2.916799340611397895e-01
8.206099901747514469e-01
7.948516187348646511e-01
-8.539247243665339937e-01
-1.797314876026658848e-01
-3.099235494627992082e-01
8.011427101627794922e-01
6.852941831447005860e-01
2.748166571122823143e-02
-7.219638951205344934e-01
-5.376828755487175204e-01
9.437596924825535361e-01
5.014366875118947409e-01
-6.099740806639681878e-01
-3.058231556976693799e-01
9.357482431948900281e-01
7.120481077204696696e-01
6.056806671204773007e-01
9.015005713523420727e-01
-4.788477420303194343e-02
-9.554066238819780565e-01
1.713137845996144382e-01
9.534780791966912528e-01
-2.639049380095732644e-01
6.253268713575428350e-01
7.401985760116223112e-01
-2.572598633052556316e-01
9.489506619766943096e-01
1.187463704826980937e-01
-5.440895313605380590e-01
2.737550306769223063e-01
5.462363417724767078e-01
-6.704177723377888753e-01
4.880137614499551191e-01
-6.776119226115722149e-01
-1.608689878287870023e-01
-9.074772195344935621e-01
5.346145889357778458e-02
6.183975561752868000e-01
9.042474981107995191e-03
-7.675044589010209251e-01
5.476030915942931010e-02
-8.196302538530571002e-01
1.209998911445742120e-01
8.378522203098823784e-01
-5.329050886986019808e-01
-1.441634678705900896e-01
-7.457339278772114888e-01
4.903667098584794104e-01
-3.321580099938514774e-01
9.493739847363167339e-01
-3.220639848993731569e-01
9.176227237417950988e-01
8.708151556214283051e-01
1.204595340613678900e-04
3.746291141237081401e-01
7.482784621151750137e-01
-4.875389482403580388e-01
-5.409980654108670350e-01
