2.429640309702558731e-01
-6.127431430955090352e-01
7.110712528103058094e-01
5.594919462314020819e-01
-5.126865729379026515e-01
8.209261780590138002e-02
4.150268740155242941e-01
2.613597170374042378e-01
-5.449271890210112268e-01
1.712787084134936855e-02
-3.853322501574825143e-01
-3.289235695372725310e-01
5.517392565943513016e-01
-6.308656541424755293e-01
0.000000000000000000e+00
9.009528323660407345e-01
6.749271193874823993e-01
0.000000000000000000e+00
-7.516196357130660033e-01
0.000000000000000000e+00
8.333829522879931950e-02
-3.159371562385473453e-01
-8.997910513923887965e-01
4.933368350450826334e-01
-5.241077780841107980e-01
-9.579446703288279075e-01
4.894076786089029962e-01
7.639467163914019920e-01
0.000000000000000000e+00
0.000000000000000000e+00
7.923649240242573999e-01
-3.815116410685193138e-02
-6.776542998170813625e-01
0.000000000000000000e+00
0.000000000000000000e+00
2.488048306722443481e-01
0.000000000000000000e+00
-6.781146633487302733e-01
6.071044028177372542e-01
4.531975732100734788e-01
0.000000000000000000e+00
-3.727673352605505031e-01
3.420212003190448158e-02
-5.744946421585828134e-01
0.000000000000000000e+00
-8.953085503645719090e-01
1.758018197894462009e-01
2.610204124640740364e-01
1.677554004409431698e-02
-2.132633817467877169e-01
9.540172250989333858e-01
-2.781316080422646664e-02
8.121031782139302990e-01
1.764699542128012055e-02
1.314170770543696687e-01
-2.903294097265993745e-01
-5.233042945518220357e-01
-8.340475511795959473e-01
6.062955393525346626e-01
4.170419189907670354e-01
-3.816621867347353980e-01
1.369251884841138356e-01
-4.274256560353648648e-01
-6.845597698481067361e-01
6.438168474107734962e-01
0.000000000000000000e+00
5.793189333299841870e-01
-6.640041752558933918e-01
0.000000000000000000e+00
1.979201569962423246e-01
9.420636881504165228e-01
3.786589788134020473e-01
4.001749091377060363e-01
4.652524912920856792e-01
-2.689543816524975206e-02
7.728717935258155869e-02
2.505786816849582266e-01
0.000000000000000000e+00
3.260374753350232524e-01
6.248505153192969175e-01
-8.732927861455850316e-01
6.692855879631682825e-01
-7.006684596571686185e-01
-2.333338037766348183e-01
3.199096973799862020e-01
0.000000000000000000e+00
-6.924557065226688568e-01
-1.539785740864714203e-01
1.672602274823076218e-01
4.158482349406620315e-01
0.000000000000000000e+00
5.132517285820041852e-01
-7.700860860061640167e-01
-6.997356841606183764e-01
0.000000000000000000e+00
-6.890142822307347981e-01
-8.962833266305261226e-01
2.709145797671173028e-01
-6.634349131815497902e-01
0.000000000000000000e+00
0.000000000000000000e+00
8.415584676832366107e-02
-7.589341995963134746e-01
-6.075722157872436302e-01
2.976924726031773272e-01
8.764918258936897910e-01
-1.453622602512862905e-01
-3.773466315601010646e-01
4.112149979619450502e-01
5.862471617634483767e-01
5.718000871350623626e-01
4.468562161964813040e-01
-4.728312445712501422e-01
7.217590318008202388e-01
-6.541420109923490323e-02
3.929324990323892486e-01
7.873040535616149249e-02
-5.077106277355416530e-01
1.418038516793234116e-01
9.459753626897711154e-01
-4.508177257397387727e-01
-4.742504190871743575e-03
8.183025591609063287e-01
0.000000000000000000e+00
0.000000000000000000e+00
8.252435538391447167e-01
7.514174467956040715e-01
5.713629773272930201e-01
-9.624190288381209157e-01
0.000000000000000000e+00
0.000000000000000000e+00
2.267588383719854050e-01
7.650359091768774711e-01
4.214808101208933344e-01
0.000000000000000000e+00
3.847880717121032745e-02
3.941421297188643091e-01
-6.007068148918326411e-01
4.539026521032683004e-01
-4.278762505961553053e-02
7.343506728839277464e-02
-7.580218582065059163e-01
7.401086513720946947e-01
5.666346551822991628e-01
-5.305955155976371795e-01
3.886814313910154084e-01
3.160187972067651785e-02
4.377387147069844442e-01
5.278276455146211354e-01
0.000000000000000000e+00
4.810617807170001203e-01
-5.805049652855625020e-01
3.072843188560248073e-02
-2.744192534966725106e-01
0.000000000000000000e+00
2.710276158179087957e-01
0.000000000000000000e+00
5.856792297652524404e-01
0.000000000000000000e+00
-6.636293474206063081e-01
0.000000000000000000e+00
8.066230695843110698e-01
7.676233625009785122e-01
4.317010100298042108e-01
5.912721390404378496e-01
-3.141485776980499356e-01
0.000000000000000000e+00
0.000000000000000000e+00
-3.883066923480675836e-01
2.908344971281437985e-01
3.196114268938459180e-01
0.000000000000000000e+00
-8.509376719208039397e-01
2.636308036178536263e-01
2.828325567806162510e-01
5.630584288325621856e-01
9.250684407287164124e-01
0.000000000000000000e+00
-5.180152161775017916e-01
-1.627096795574187738e-01
-3.097971804383929939e-01
0.000000000000000000e+00
4.112501577782061712e-01
0.000000000000000000e+00
0.000000000000000000e+00
0.000000000000000000e+00
-8.510284495897750823e-01
6.293181700435581671e-01
-7.431705522457514590e-01
-1.303404190855410594e-01
1.813910583041131730e-01
-5.185900346107774617e-01
2.238762348617515663e-01
7.994547725898171198e-01
-1.476633678103689284e-02
3.272722195164543546e-01
-5.645004641105304533e-01
-9.693154413611870801e-02
0.000000000000000000e+00
-3.808251480734050620e-01
-7.740153721677955900e-02
7.139912104085088806e-02
-8.036013900979237512e-01
-2.450622215958768724e-01
-1.246046210121143361e-01
0.000000000000000000e+00
0.000000000000000000e+00
0.000000000000000000e+00
7.948516187348646511e-01
-8.539247243665339937e-01
0.000000000000000000e+00
-3.099235494627992082e-01
0.000000000000000000e+00
0.000000000000000000e+00
2.748166571122823143e-02
-7.219638951205344934e-01
0.000000000000000000e+00
9.437596924825535361e-01
5.014366875118947409e-01
-6.099740806639681878e-01
-3.058231556976693799e-01
0.000000000000000000e+00
7.120481077204696696e-01
6.056806671204773007e-01
9.015005713523420727e-01
-4.788477420303194343e-02
-9.554066238819780565e-01
1.713137845996144382e-01
9.534780791966912528e-01
-2.639049380095732644e-01
0.000000000000000000e+00
0.000000000000000000e+00
-9.438392350484909876e-01
-4.313869571064876673e-01
0.000000000000000000e+00
8.648414182478689760e-01
0.000000000000000000e+00
-7.717017845803431086e-01
0.000000000000000000e+00
-8.983081956870406781e-01
-8.982109080286611036e-01
-6.064115080528926782e-01
-8.276622794080752410e-01
-8.475239287678260069e-01
-7.920786076487318361e-01
-5.661131044087681641e-01
-7.501438829334767799e-01
0.000000000000000000e+00
-9.974867405759397787e-01
-7.469102743929540988e-01
-1.587758336680791249e-01
-3.559114252166177828e-01
0.000000000000000000e+00
1.719116559275968292e-02
-1.603049980093473881e-01
0.000000000000000000e+00
0.000000000000000000e+00
7.694642249028451619e-01
9.101765879407521798e-01
2.461609483374800345e-01
-4.153091642437152231e-01
1.727491173132778002e-02
0.000000000000000000e+00
8.762727143628767923e-01
-8.255117520437544876e-01
