3.217621001927675195e-01
-4.047745735256425004e-01
0.000000000000000000e+00
0.000000000000000000e+00
3.216723423161260698e-03
5.175429950963961190e-01
-8.447191094035353398e-01
0.000000000000000000e+00
-4.752515842038074201e-01
-5.689629429742413258e-01
-6.330668277427728974e-01
-4.613863632615271548e-01
-4.711751054345323375e-01
-9.251128915257733620e-01
0.000000000000000000e+00
5.998348020612054299e-02
7.874365379517556107e-01
8.036083101370796733e-01
6.475362853064114965e-01
0.000000000000000000e+00
6.317641418499595485e-01
-2.608826235396393134e-01
-6.835403535795494534e-01
5.966966904681445527e-01
-6.656253356462578097e-01
3.390037505819047947e-01
2.162690836559622021e-02
5.833718499046036676e-02
-3.458118891970487496e-01
0.000000000000000000e+00
-3.839350416882594264e-01
0.000000000000000000e+00
-6.059841163410260023e-01
0.000000000000000000e+00
0.000000000000000000e+00
1.023329205710261647e-01
4.402590915427515572e-01
5.393506098968776641e-01
0.000000000000000000e+00
-4.022513333548762837e-01
-3.795109741941957715e-01
6.965529982862568303e-01
-1.744003602836736722e-01
2.199383762552620247e-01
-6.561442153903771501e-01
-2.052219812489743944e-01
9.426964563919528750e-01
6.608171377902789523e-01
6.668889889474380883e-01
0.000000000000000000e+00
3.664980828267982993e-01
4.638650071670860076e-01
4.227852714557067682e-01
8.746455964489374679e-01
3.119482806423183874e-01
-2.542323683847813598e-01
5.416947685058293160e-02
0.000000000000000000e+00
-3.369484438284009453e-01
0.000000000000000000e+00
-3.098962106884379786e-01
0.000000000000000000e+00
-8.264929851362783353e-01
-6.069916982811274231e-02
8.489228249787168501e-01
4.729329691024339866e-01
-6.604580036437186497e-01
2.596572710273639117e-01
8.244813023696422327e-01
-1.737610104496751795e-01
-9.328600259670121186e-01
-9.123778853473734074e-01
0.000000000000000000e+00
3.379902378389656459e-01
-3.245644795085185219e-01
-7.357681030033758063e-03
7.389322332624055356e-01
-5.429314220877108355e-01
-2.592368242104410303e-01
-9.727652513314037908e-01
6.376095183835726043e-01
6.902793740941444156e-01
7.108845799560583600e-01
5.649007597383073342e-01
6.569941745160285951e-01
-5.055142874510691886e-01
0.000000000000000000e+00
-1.957274750720294776e-01
-6.960643589811914556e-01
1.996229897516075269e-01
8.045356484899710559e-01
5.587005802227851259e-01
4.422603445807204992e-01
5.509317312557946433e-01
-9.529363480342474269e-01
-4.579335168849336668e-01
-3.774633319772742190e-01
6.206458345080827499e-01
6.019184672988353579e-01
9.386548868151158853e-01
6.740971745145252214e-02
-3.992823698861145409e-01
0.000000000000000000e+00
-4.057717405059291238e-01
-4.101354108558479261e-01
9.579380163096513634e-01
-1.606712057461332499e-01
0.000000000000000000e+00
2.146410753356937651e-01
6.309233892610808248e-01
-3.112164215797712519e-01
7.755165423375145473e-01
6.544908440512586800e-01
7.021364438182053913e-01
-5.628685460148199482e-01
0.000000000000000000e+00
0.000000000000000000e+00
-6.331357901659995235e-02
-1.815576918591408351e-01
2.661280822286531400e-01
-9.539458352289043042e-02
-5.060615449497956053e-01
-2.573452306068888529e-01
5.988405009932391554e-01
5.112146893458824337e-02
-3.563625273336106236e-01
0.000000000000000000e+00
6.669162802338772789e-01
0.000000000000000000e+00
-3.692429734665858554e-01
-6.892393876600098057e-01
6.114329283221926481e-01
-8.489792384789838220e-01
-9.075468412526410678e-01
-8.685913490187791020e-01
1.915464679674914183e-01
-3.528789547298942786e-01
1.640837459706883106e-01
3.696249480201481141e-01
2.730799253571838392e-01
0.000000000000000000e+00
8.866416410827859806e-01
9.429591933848611163e-01
-8.857661038999897762e-02
-4.815625023567764451e-01
9.064146778188790776e-01
2.639494461799634095e-01
8.183431778619449926e-01
-5.112126759120614317e-01
-4.890375502055377410e-02
0.000000000000000000e+00
0.000000000000000000e+00
0.000000000000000000e+00
0.000000000000000000e+00
-2.878001556041585030e-01
1.931671444418416872e-01
5.632486624104848794e-02
-3.544235829606723343e-04
-6.075700209170722399e-01
-2.317336172134265571e-01
7.588275651864073712e-01
-5.190571305757771814e-01
7.738847804997837088e-01
4.267618368640861970e-01
-6.806825399168328072e-01
9.535616861811413436e-02
-7.716686084333446161e-02
0.000000000000000000e+00
8.386210971689156413e-01
-6.996075806428945221e-01
0.000000000000000000e+00
9.894281857539624081e-01
7.803831727785282002e-01
0.000000000000000000e+00
0.000000000000000000e+00
-4.956789840295219296e-01
0.000000000000000000e+00
-1.170179395988113491e-01
9.463333476399782285e-01
4.092990320155813766e-01
3.170583666291935110e-01
7.878874724809343810e-01
8.831846628575148461e-01
-1.513511359683565871e-01
-2.932140601218833353e-01
-1.387044417141527486e-01
0.000000000000000000e+00
4.120112248767782148e-01
0.000000000000000000e+00
-7.738818476730748852e-01
8.887701846007580730e-01
3.146732563439922359e-01
2.394216680130287767e-01
8.965876972435535830e-01
-5.295846919016420351e-01
-5.118644046262614822e-01
-2.066150384262224193e-01
0.000000000000000000e+00
-2.358019377066848943e-01
2.473605084728043302e-01
0.000000000000000000e+00
-9.537963778259503922e-01
3.768530378322152430e-01
2.266664763880457123e-01
0.000000000000000000e+00
1.760075191798120553e-01
-1.109953742057545600e-01
-9.710251080306029348e-01
-5.344609123054342437e-01
0.000000000000000000e+00
-3.390599086716907795e-01
-8.042150491262496370e-01
9.225977787846832978e-01
6.274946978275957044e-01
-5.697673420298221547e-01
-9.423892157043494144e-01
0.000000000000000000e+00
3.868977994040820878e-01
9.259537092640799383e-01
-3.407750727051892525e-01
-9.115012362974905802e-01
0.000000000000000000e+00
7.941626640912839985e-01
-7.433464168078938172e-01
0.000000000000000000e+00
9.689513501294619857e-01
-1.870210658029720641e-01
-7.140042502496344312e-01
3.051830009836984381e-01
9.384763783671052906e-01
-7.204443916977503193e-01
8.748757955306658562e-01
5.263706684839473127e-01
4.531196402842743165e-01
0.000000000000000000e+00
-1.711829677619889356e-01
5.109426982875309164e-01
6.791478092713782999e-01
-4.762987729899812450e-01
-8.285822185848930044e-01
6.266592606637675367e-01
-5.033008410717185743e-01
4.179665798528160447e-01
6.257282173173404072e-01
3.010631057410144695e-01
-9.124343197467386091e-01
-5.211638107842286871e-01
-6.154218752847975260e-01
-1.522520074752029551e-01
0.000000000000000000e+00
-3.992715513630336055e-01
-9.723395745426801628e-01
9.833234790720219998e-01
2.492456275178345226e-01
-4.552987666257939381e-01
4.696905351206115409e-01
-2.755915493682741246e-01
7.339720246469965126e-01
6.677175869679179421e-01
4.236789017593884932e-01
-5.036727950925639075e-01
0.000000000000000000e+00
4.298023107515804853e-01
2.662083929397374149e-03
-2.380132659240499216e-01
