5.823845096768223151e-01
0.000000000000000000e+00
1.937474201775517546e-01
-4.377796537622007378e-01
8.826533330855541593e-01
-8.974254226709441618e-01
1.338191132023298646e-01
-1.895642083776492015e-01
-9.074628363121757246e-01
-3.273783198997772814e-01
-7.005747632807899361e-01
4.072218073966680230e-01
-2.340076572090121765e-01
0.000000000000000000e+00
-5.896124320860620660e-01
-7.312157931762683916e-01
-6.923712191496331769e-01
-5.790202039593050909e-01
8.161790757893929715e-01
-6.597388118703282345e-01
0.000000000000000000e+00
0.000000000000000000e+00
6.315750218112268222e-01
0.000000000000000000e+00
6.083927091373912965e-01
-7.219538205399649300e-01
1.000000000000000000e+00
5.285490349175425706e-02
9.787306604234207175e-01
3.234592312756783272e-01
-6.313511541931982052e-01
9.438854450637181870e-01
-1.202588355855294111e-02
0.000000000000000000e+00
0.000000000000000000e+00
-2.036411539297944273e-01
4.252995824738170505e-02
0.000000000000000000e+00
0.000000000000000000e+00
1.423896652346716696e-01
1.289226993235985663e-01
0.000000000000000000e+00
-1.890190456051314971e-01
1.046123624472163893e-01
3.233028033858542649e-02
0.000000000000000000e+00
-1.944546789782124474e-01
0.000000000000000000e+00
-9.513003580765204692e-01
-5.198902006685404142e-01
0.000000000000000000e+00
0.000000000000000000e+00
3.773935080746591009e-01
0.000000000000000000e+00
9.999609923148584656e-01
5.300398950383389263e-01
0.000000000000000000e+00
8.404757725178062522e-01
6.752900242676531661e-01
0.000000000000000000e+00
0.000000000000000000e+00
-2.453467176092150037e-01
2.261154281807682409e-01
0.000000000000000000e+00
0.000000000000000000e+00
-5.271954858377190245e-01
6.578690392206625326e-01
0.000000000000000000e+00
0.000000000000000000e+00
-8.780313077796719767e-02
-7.891586273090513970e-01
0.000000000000000000e+00
0.000000000000000000e+00
0.000000000000000000e+00
-9.004008171374981995e-01
6.265964758817723634e-01
0.000000000000000000e+00
8.236791151195268501e-01
0.000000000000000000e+00
-8.273551812361072955e-01
-9.974021348794059882e-01
1.892714732674960487e-01
7.053428406705100073e-01
0.000000000000000000e+00
0.000000000000000000e+00
4.813282859204461861e-01
-8.819191299366122561e-01
0.000000000000000000e+00
-9.910740506742212741e-01
-4.909719791906548281e-01
-5.873861736972125769e-01
0.000000000000000000e+00
7.917518802052261329e-01
-4.224374877271901418e-01
0.000000000000000000e+00
0.000000000000000000e+00
-1.349405058795338785e-01
3.530824953309743552e-01
1.000000000000000000e+00
0.000000000000000000e+00
-3.413480413685334725e-01
-1.220751315036578966e-01
1.742255955711473625e-01
5.636936119028406189e-01
9.416938132906174097e-01
-1.287269665808628005e-01
-1.152503072001984652e-01
-3.004284088178219569e-01
1.000603316991144354e-02
-3.076334993279437047e-01
0.000000000000000000e+00
0.000000000000000000e+00
5.155112871203193503e-01
2.753507814890232552e-02
6.798610396952835533e-01
5.097946729814510913e-01
-5.663228710524881304e-01
-7.497137914906579770e-01
-6.375448140441275502e-01
9.046424585046324296e-01
7.789827397929982578e-01
0.000000000000000000e+00
0.000000000000000000e+00
6.805147527893133930e-01
9.496480274257450560e-01
-9.033303436150941224e-03
6.449968576648734686e-01
5.114984348053661645e-01
0.000000000000000000e+00
0.000000000000000000e+00
1.487890140125982530e-01
-3.704254782010751867e-02
1.561932849166181025e-01
9.687320629627083068e-01
4.145380259584041660e-02
0.000000000000000000e+00
1.000000000000000000e+00
5.945169236017548986e-01
0.000000000000000000e+00
-5.451664010372794245e-01
-8.899448393454825190e-01
7.208208540976781542e-01
-2.097776395467552124e-01
0.000000000000000000e+00
-7.917795811873324929e-01
0.000000000000000000e+00
-4.807386092134651179e-01
7.457563683458550141e-01
-6.547011893739411725e-01
-8.652565521687733963e-01
-5.294248120657982781e-01
2.217743048939619932e-01
-7.619026781183910746e-01
2.691846333845968609e-01
3.992094648164323800e-02
0.000000000000000000e+00
-3.903677101941962491e-01
-5.059978672474583217e-01
0.000000000000000000e+00
0.000000000000000000e+00
0.000000000000000000e+00
0.000000000000000000e+00
-9.565211549851007078e-01
9.489949874290075638e-01
1.289718973112785605e-02
0.000000000000000000e+00
-9.254989870588852252e-01
0.000000000000000000e+00
0.000000000000000000e+00
0.000000000000000000e+00
0.000000000000000000e+00
-2.722160089438627750e-01
-5.704149479942888235e-01
0.000000000000000000e+00
-2.377456172266547707e-01
0.000000000000000000e+00
-2.188348182962875921e-01
0.000000000000000000e+00
0.000000000000000000e+00
0.000000000000000000e+00
1.000000000000000000e+00
0.000000000000000000e+00
0.000000000000000000e+00
0.000000000000000000e+00
0.000000000000000000e+00
0.000000000000000000e+00
5.909869117318788945e-01
1.000000000000000000e+00
0.000000000000000000e+00
0.000000000000000000e+00
0.000000000000000000e+00
0.000000000000000000e+00
-1.153509572823792073e-01
0.000000000000000000e+00
0.000000000000000000e+00
0.000000000000000000e+00
-9.812771752907836209e-01
-2.020627002915931225e-01
-8.121412983301099509e-01
0.000000000000000000e+00
0.000000000000000000e+00
0.000000000000000000e+00
2.500212868649041020e-01
0.000000000000000000e+00
0.000000000000000000e+00
1.000000000000000000e+00
-3.864953353939799552e-01
-6.261342395188995713e-01
0.000000000000000000e+00
0.000000000000000000e+00
-1.909316560425899922e-01
-7.984531163776824592e-01
0.000000000000000000e+00
-2.945876677388008513e-01
2.211564690786611553e-01
0.000000000000000000e+00
-8.301464811732921500e-01
0.000000000000000000e+00
9.039198918440096708e-01
0.000000000000000000e+00
-7.991976155303357476e-01
5.088954704214829761e-01
-8.222125534659332491e-01
6.061731939957537563e-01
-3.491097409824761577e-02
-4.927869411475409578e-01
-1.040495011888362686e-01
-3.769065871575527638e-01
3.228840719926739933e-01
0.000000000000000000e+00
3.722748867855105726e-01
2.526970512379840272e-01
0.000000000000000000e+00
-2.191741618512244028e-01
-4.180104690604105055e-01
0.000000000000000000e+00
-2.911769186293027278e-01
8.182053496116512559e-01
5.103867086223916605e-01
0.000000000000000000e+00
0.000000000000000000e+00
3.714421432757919472e-01
5.825358048577689019e-02
0.000000000000000000e+00
5.202010320492886919e-01
-7.399846290023937012e-01
3.251370042247774261e-01
0.000000000000000000e+00
-6.032102753073780299e-01
-5.646645786258996935e-01
0.000000000000000000e+00
-1.392679840285522275e-01
6.759071426455640630e-01
4.638655798292170562e-01
0.000000000000000000e+00
7.284648176452130919e-01
0.000000000000000000e+00
5.742028454172323215e-01
-6.357711190761412556e-01
4.894276139118480806e-01
3.162621634825313333e-01
-6.014244172084957096e-01
4.563078960589048716e-01
-3.565782768853413831e-01
-8.661016151459783874e-01
