-8.513359998752314528e-01
-5.982174426761115438e-01
7.635906635931379860e-01
-1.508838271331214287e-01
-9.071645693192318394e-01
-6.055138216441990906e-02
9.012234580080855650e-01
-4.456388128628159251e-01
1.908893415632029189e-01
5.216026151295791724e-01
-9.221113622659440345e-01
0.000000000000000000e+00
0.000000000000000000e+00
-8.462183497036355195e-01
-2.830931186541345568e-01
4.500867692824523925e-01
7.183425424649783064e-01
0.000000000000000000e+00
-8.028893788824262856e-01
-9.680380579835341504e-01
-1.873315564265034538e-01
5.270479177045175323e-01
-2.565799497522174288e-01
4.385813626227146322e-01
4.232050204048272146e-01
5.134804531745038592e-01
-8.687535150554146490e-01
3.071511923729646210e-01
-1.892323653067551348e-01
7.744422275662572464e-01
-2.665134519934377888e-01
8.486703466619416325e-01
-9.675997782033385342e-02
-2.921376039620187104e-01
-4.551031359531112486e-01
-7.868896740696069703e-01
6.094426529891705524e-01
5.857644521296601070e-01
1.888616535252580775e-01
-4.180726617571215442e-01
4.501274050555501560e-01
3.431157429016487015e-01
9.487753529416182996e-01
-8.510740162711167844e-01
-1.434418750277441923e-01
2.976118511773848674e-01
-2.717876359285378296e-01
-8.450450839556213900e-01
-2.301473674536218539e-01
6.578631742559448714e-01
1.979818655893215151e-01
7.966032656588026839e-01
7.758957648953039854e-01
0.000000000000000000e+00
-1.998327810101840907e-01
0.000000000000000000e+00
-9.915995277570408550e-01
-6.537920674466857207e-01
8.839344800140729319e-01
7.658596121421534786e-01
-8.714872497529255746e-01
-7.849640069848298207e-01
0.000000000000000000e+00
4.815946831685298246e-01
-1.356718910673126999e-02
-5.595765865641433301e-01
-6.798119156985042988e-01
-5.727803058317899598e-01
1.051124994541232649e-01
3.451740897313970713e-01
-7.676112760376614386e-01
9.670040721068704492e-01
2.687272683992469879e-02
2.446381361558858103e-01
-5.591226428958886441e-01
-4.856103227579922077e-01
0.000000000000000000e+00
-9.529492916580570849e-01
-5.295553830283017405e-02
-7.912369215392693889e-01
7.621942508663925864e-02
8.316515873628025357e-01
2.763300307841820569e-01
9.807205435018895301e-01
1.787956408978164102e-01
1.070560933290676253e-02
0.000000000000000000e+00
0.000000000000000000e+00
7.454131328755249086e-01
4.055498420467738008e-01
5.700831013686817883e-01
0.000000000000000000e+00
8.765942503995449719e-02
2.942277727158748579e-01
-8.143654897025618400e-01
9.171316144222640965e-02
-9.200368747248852674e-01
1.132904753126677821e-01
2.115256354536878547e-01
5.536541246134973893e-01
9.493329101921690327e-01
1.301691284500061663e-02
0.000000000000000000e+00
8.415173450906900943e-01
-3.599950903795416934e-01
0.000000000000000000e+00
-5.185638874724114444e-01
-9.325661623581718018e-01
-1.109372010741334069e-01
3.141582289384503568e-02
3.780201140419161554e-01
8.709820687774616488e-01
7.645078307921937544e-01
0.000000000000000000e+00
-8.355676971449632617e-02
0.000000000000000000e+00
-2.252764450607704916e-01
-7.622285683990377425e-01
-5.148839909413727156e-01
-5.559292516390128558e-01
-4.486962659383644247e-01
-4.561059103365114886e-01
-5.134857787894133718e-01
1.100621267739727571e-01
0.000000000000000000e+00
0.000000000000000000e+00
0.000000000000000000e+00
0.000000000000000000e+00
0.000000000000000000e+00
1.317529758180340238e-01
-2.272764003213927353e-01
-1.197090481164755360e-01
0.000000000000000000e+00
9.011286879554067930e-01
4.122368582232025513e-01
3.278323539478273929e-01
3.057793759490425867e-01
0.000000000000000000e+00
-9.088999980716314653e-01
6.990912932289239379e-02
4.947595690459383189e-01
9.074854648584040895e-02
-1.648380129957818241e-01
3.721244521792437254e-01
-5.440678010651622820e-01
2.650304366446107895e-01
0.000000000000000000e+00
0.000000000000000000e+00
6.687527999931568434e-01
2.945746314767812013e-01
0.000000000000000000e+00
0.000000000000000000e+00
-4.727753427912591011e-01
0.000000000000000000e+00
-9.300179781142550173e-01
-2.099104065895975868e-01
-8.916761603136791337e-02
0.000000000000000000e+00
9.219169146725831876e-01
0.000000000000000000e+00
-4.235680939389667721e-01
5.745258199099110286e-01
6.468985386385845970e-01
-2.450278764937017240e-01
8.593481533220401758e-01
7.978192012805020994e-01
-7.873602749840258319e-01
3.283205912054676379e-01
3.420934473653534091e-01
3.147828755879402696e-01
-1.768312452893587849e-01
-5.271074292398558736e-01
7.723864639258377629e-01
0.000000000000000000e+00
4.329162006958444664e-01
-4.956789840295219296e-01
-2.134685653967127728e-02
-1.170179395988113491e-01
0.000000000000000000e+00
4.092990320155813766e-01
3.170583666291935110e-01
7.878874724809343810e-01
8.831846628575148461e-01
0.000000000000000000e+00
-2.932140601218833353e-01
-1.387044417141527486e-01
-5.144640571950762631e-01
4.120112248767782148e-01
-9.407425191928859842e-01
-7.738818476730748852e-01
0.000000000000000000e+00
3.146732563439922359e-01
2.394216680130287767e-01
8.965876972435535830e-01
0.000000000000000000e+00
-5.118644046262614822e-01
-2.066150384262224193e-01
-3.133254354258785401e-01
-2.358019377066848943e-01
2.473605084728043302e-01
-1.119768703665076082e-01
0.000000000000000000e+00
3.768530378322152430e-01
2.266664763880457123e-01
0.000000000000000000e+00
1.760075191798120553e-01
-1.109953742057545600e-01
0.000000000000000000e+00
-5.344609123054342437e-01
0.000000000000000000e+00
0.000000000000000000e+00
-8.042150491262496370e-01
9.225977787846832978e-01
6.274946978275957044e-01
-5.697673420298221547e-01
-9.423892157043494144e-01
-6.116959049235302093e-01
3.868977994040820878e-01
0.000000000000000000e+00
9.937607160580574917e-01
-9.149522594212600168e-01
-4.336986539656404460e-01
7.770265520829313655e-01
7.234919764290990152e-01
-1.887934460777738188e-01
0.000000000000000000e+00
-7.668926056495264376e-01
9.959352702947235070e-01
-3.859595644900157829e-01
-5.025788926903083098e-01
-3.027747489308962869e-01
5.487368614369225739e-02
9.770009138883997135e-01
9.897511479167966364e-01
1.856259855979331963e-01
1.717824242542083102e-01
3.808988106805575313e-01
-3.346435060231911507e-01
-4.006065711206741042e-02
0.000000000000000000e+00
8.867300243588114306e-01
-1.103676539706677229e-01
-9.099547357785422452e-01
-1.292756531072936088e-01
-5.973999138421972610e-01
9.981332886798686133e-01
7.227772993489771647e-01
8.841866891266092487e-02
7.501775409600519584e-01
-2.583834792199208863e-01
0.000000000000000000e+00
-2.807884372967728304e-01
7.339908113383180055e-01
0.000000000000000000e+00
9.864098355682726638e-01
7.803806984171235417e-01
0.000000000000000000e+00
0.000000000000000000e+00
5.572217871041380555e-01
0.000000000000000000e+00
0.000000000000000000e+00
-6.363460073524331850e-01
5.853085985564134841e-01
-1.968599375522843697e-01
4.008756231135131021e-01
