0.000000000000000000e+00
-5.982174426761115438e-01
7.635906635931379860e-01
0.000000000000000000e+00
-9.071645693192318394e-01
-6.055138216441990906e-02
9.012234580080855650e-01
0.000000000000000000e+00
1.908893415632029189e-01
0.000000000000000000e+00
0.000000000000000000e+00
0.000000000000000000e+00
0.000000000000000000e+00
-8.462183497036355195e-01
0.000000000000000000e+00
0.000000000000000000e+00
0.000000000000000000e+00
1.537360495143698103e-01
0.000000000000000000e+00
-9.680380579835341504e-01
-1.873315564265034538e-01
5.270479177045175323e-01
0.000000000000000000e+00
0.000000000000000000e+00
4.232050204048272146e-01
5.134804531745038592e-01
-8.687535150554146490e-01
0.000000000000000000e+00
-1.892323653067551348e-01
7.744422275662572464e-01
0.000000000000000000e+00
0.000000000000000000e+00
0.000000000000000000e+00
-2.921376039620187104e-01
0.000000000000000000e+00
0.000000000000000000e+00
0.000000000000000000e+00
1.000000000000000000e+00
0.000000000000000000e+00
0.000000000000000000e+00
0.000000000000000000e+00
3.431157429016487015e-01
9.487753529416182996e-01
0.000000000000000000e+00
-1.434418750277441923e-01
0.000000000000000000e+00
0.000000000000000000e+00
-8.450450839556213900e-01
0.000000000000000000e+00
0.000000000000000000e+00
1.979818655893215151e-01
7.966032656588026839e-01
0.000000000000000000e+00
-1.638139282168378230e-01
1.000000000000000000e+00
0.000000000000000000e+00
-9.915995277570408550e-01
0.000000000000000000e+00
0.000000000000000000e+00
7.658596121421534786e-01
-8.714872497529255746e-01
-7.849640069848298207e-01
-5.669032073298434504e-01
4.815946831685298246e-01
-1.356718910673126999e-02
0.000000000000000000e+00
0.000000000000000000e+00
0.000000000000000000e+00
1.051124994541232649e-01
0.000000000000000000e+00
0.000000000000000000e+00
0.000000000000000000e+00
1.000000000000000000e+00
0.000000000000000000e+00
0.000000000000000000e+00
-4.856103227579922077e-01
1.000000000000000000e+00
-9.529492916580570849e-01
-5.295553830283017405e-02
0.000000000000000000e+00
0.000000000000000000e+00
8.316515873628025357e-01
0.000000000000000000e+00
9.807205435018895301e-01
1.787956408978164102e-01
0.000000000000000000e+00
-7.683325935172624632e-01
-7.793343997392598865e-01
7.454131328755249086e-01
0.000000000000000000e+00
0.000000000000000000e+00
3.192562703530632540e-02
8.765942503995449719e-02
2.942277727158748579e-01
1.000000000000000000e+00
9.171316144222640965e-02
0.000000000000000000e+00
1.132904753126677821e-01
2.115256354536878547e-01
0.000000000000000000e+00
9.493329101921690327e-01
1.301691284500061663e-02
0.000000000000000000e+00
8.415173450906900943e-01
-3.599950903795416934e-01
1.000000000000000000e+00
-5.185638874724114444e-01
0.000000000000000000e+00
-1.109372010741334069e-01
0.000000000000000000e+00
0.000000000000000000e+00
0.000000000000000000e+00
7.645078307921937544e-01
0.000000000000000000e+00
-8.355676971449632617e-02
8.299583782519075470e-01
-2.252764450607704916e-01
0.000000000000000000e+00
0.000000000000000000e+00
0.000000000000000000e+00
-4.486962659383644247e-01
-4.561059103365114886e-01
-5.134857787894133718e-01
1.100621267739727571e-01
0.000000000000000000e+00
-8.927823728834605177e-02
-5.164951988916743897e-01
0.000000000000000000e+00
0.000000000000000000e+00
0.000000000000000000e+00
-2.272764003213927353e-01
0.000000000000000000e+00
0.000000000000000000e+00
9.011286879554067930e-01
4.122368582232025513e-01
0.000000000000000000e+00
0.000000000000000000e+00
0.000000000000000000e+00
-9.088999980716314653e-01
0.000000000000000000e+00
0.000000000000000000e+00
9.074854648584040895e-02
-1.648380129957818241e-01
3.721244521792437254e-01
-5.440678010651622820e-01
2.650304366446107895e-01
0.000000000000000000e+00
1.497930212462119659e-01
6.687527999931568434e-01
0.000000000000000000e+00
0.000000000000000000e+00
0.000000000000000000e+00
0.000000000000000000e+00
0.000000000000000000e+00
-9.300179781142550173e-01
1.000000000000000000e+00
-8.916761603136791337e-02
-2.579621050991818265e-01
9.219169146725831876e-01
-7.597214462977097682e-02
-4.235680939389667721e-01
0.000000000000000000e+00
6.468985386385845970e-01
-2.450278764937017240e-01
5.750086238311633569e-01
0.000000000000000000e+00
3.318231118606682628e-01
0.000000000000000000e+00
0.000000000000000000e+00
-6.770404796476525711e-01
3.712303262970209072e-01
0.000000000000000000e+00
1.000000000000000000e+00
0.000000000000000000e+00
4.082516718446991266e-01
0.000000000000000000e+00
-5.895450228573950735e-01
0.000000000000000000e+00
-4.420820111994863133e-01
-4.032488884921929806e-01
-2.550834957249441537e-01
0.000000000000000000e+00
-5.687529433716753680e-02
4.522246875472064609e-01
-4.209095805607894203e-01
0.000000000000000000e+00
4.064770667432207052e-01
-7.519576024309650997e-01
-4.031253711781861426e-01
-4.194828974552162748e-01
0.000000000000000000e+00
2.017494692207533191e-01
1.445050077426659474e-01
3.623188682387481485e-01
-7.376468423072239933e-01
-5.202279361621544584e-01
1.399992650164880725e-01
-9.040805908010669523e-01
-4.915045129524528988e-01
-5.637191991169312466e-01
-8.061787886579505624e-01
-7.944645940813648277e-01
5.701560198039823391e-01
-4.553703360367999942e-01
4.136783853718568604e-01
6.171041110653958661e-01
-7.163986788588121435e-01
9.028350895911749774e-01
7.468633804184157121e-01
2.558345762339320206e-01
0.000000000000000000e+00
-3.400236150146902503e-01
-1.348731775859259852e-01
0.000000000000000000e+00
0.000000000000000000e+00
-7.725174291674856697e-01
-8.712374984574715597e-01
0.000000000000000000e+00
0.000000000000000000e+00
-1.355171460043178566e-01
-2.474956996633381756e-02
0.000000000000000000e+00
0.000000000000000000e+00
-3.510523087107888518e-01
8.420483064355424041e-01
-5.839260870163149875e-01
-9.951401162402584433e-01
8.352698152163426926e-01
9.582276239711151611e-02
-3.950776945751637292e-01
-1.951365197019305775e-02
2.625217165806410513e-01
-4.484432327524003892e-01
9.507688990618274882e-01
9.834390868057680812e-01
-5.776920609409437191e-01
0.000000000000000000e+00
4.984928291382024756e-01
0.000000000000000000e+00
0.000000000000000000e+00
6.945095830493297484e-03
0.000000000000000000e+00
-7.374702810835775946e-01
-4.774443181179448548e-01
-7.641105875876275100e-02
-7.413874039545376160e-01
-2.592735174131166609e-01
6.917933932552247089e-01
-8.518899027149227088e-01
7.887942578231130764e-01
-9.220776457670794013e-01
7.848294871512271342e-01
0.000000000000000000e+00
-3.512135981982966726e-02
0.000000000000000000e+00
-4.687559521078490388e-01
0.000000000000000000e+00
2.007465453486083629e-01
0.000000000000000000e+00
-5.029642810899876970e-01
-1.870634871911081021e-02
6.196504109987532871e-01
0.000000000000000000e+00
0.000000000000000000e+00
-9.786572863120075461e-01
