8.296270189108436721e-01
-7.467385805429143097e-01
-9.004667422440126856e-01
0.000000000000000000e+00
-5.169469406512237075e-01
-3.707197100672821044e-02
1.175331626888072023e-01
-7.227329061068221705e-01
4.317813249744784088e-03
-8.793823562809210959e-01
-6.007859178460306371e-01
8.371470720503573215e-01
0.000000000000000000e+00
4.576981570700811019e-02
3.636914421390802232e-01
0.000000000000000000e+00
-7.200675998401429023e-01
-1.579417286056550296e-02
-7.364729562381813199e-01
-7.669590227797620230e-01
0.000000000000000000e+00
-5.764282375880505072e-01
-8.936868516201332824e-01
0.000000000000000000e+00
0.000000000000000000e+00
2.453757770002802374e-01
7.172114311730415359e-01
0.000000000000000000e+00
4.351695854141925945e-01
1.417538197260692634e-02
0.000000000000000000e+00
0.000000000000000000e+00
-7.891091133160201831e-01
6.356177054552565320e-01
2.542635643061177397e-01
-5.793709431071487614e-01
0.000000000000000000e+00
-4.052123823666828883e-01
-1.382733562033897634e-01
-1.445405612826100583e-01
-2.036883337245867232e-01
5.954797759547152403e-01
6.230097129838825243e-01
1.249255105846700520e-01
-5.444022607249521251e-02
-4.310815106722398760e-01
5.307089759248651006e-01
0.000000000000000000e+00
-5.417940404910845942e-01
4.061780592443646754e-01
3.981119326804971603e-01
3.164591357705355268e-01
-9.387698083824589368e-01
1.034495048487955593e-01
0.000000000000000000e+00
0.000000000000000000e+00
0.000000000000000000e+00
2.901830544784411714e-01
2.508649084495560011e-01
4.843974301593119147e-01
4.052872467312040872e-01
-4.969901532412057676e-02
-9.044169077796166967e-01
5.444452443905829497e-01
0.000000000000000000e+00
6.709514430830871845e-01
1.961954878648410894e-01
-9.236613409365141969e-01
0.000000000000000000e+00
-7.833126017389007156e-01
2.716769530455791504e-01
0.000000000000000000e+00
-6.270469760465700038e-01
9.116461588782356351e-01
9.559524310642906197e-01
7.985479216004758296e-01
-7.223703519138502394e-02
-4.164102381035612588e-01
-5.822682208187612840e-01
6.482337016511596772e-01
0.000000000000000000e+00
-4.453161083191679026e-01
8.049160319326646995e-01
1.378656486798683911e-01
-1.746265307360075347e-01
-1.690869678889592720e-01
4.409207706704807439e-01
-8.928077969822711957e-02
3.185099640799526899e-01
0.000000000000000000e+00
0.000000000000000000e+00
-4.555183657365855510e-01
8.209676595888759643e-01
-5.712118384452604669e-01
-3.335590770620691092e-01
7.602373850186028292e-02
-2.151954234610062855e-01
0.000000000000000000e+00
8.476133032412975776e-01
-5.976858075004913839e-01
5.443627853505657033e-01
0.000000000000000000e+00
5.724733900199636683e-01
-1.046592612349290796e-01
-9.097062095267216542e-02
-3.083003106287212081e-01
0.000000000000000000e+00
-4.908421841985368683e-01
-6.183058085916040003e-01
-4.778883688238910743e-02
0.000000000000000000e+00
-6.130290254901971103e-02
1.466161062979116636e-01
0.000000000000000000e+00
-6.591503416081023747e-01
2.101466600043249144e-01
7.203556220433693369e-01
-5.554959510484391849e-01
0.000000000000000000e+00
3.173692759408830444e-01
7.696886230720234590e-01
3.643051823093557129e-01
-3.843585123247414970e-01
-5.853877136812590809e-01
6.737255129704446954e-01
-4.016555831118280295e-01
-9.747487785077915134e-01
7.409035120762630378e-01
-6.041869373430701629e-01
-3.738340279673930677e-01
-3.621279219782325143e-01
-4.881979705037060580e-01
4.482867220721695745e-01
-3.143205520117329232e-01
-1.188603479862750945e-01
-1.612961222136066741e-01
0.000000000000000000e+00
-9.634878593291937854e-01
1.595932330821865364e-01
-7.362914351785574407e-01
-6.989367580074459241e-01
2.137414480922581461e-01
-2.485968363122201819e-01
-8.702960963075827561e-01
1.763827122331675934e-01
8.287412416812707239e-01
2.902165663579323596e-01
-8.945145028808276777e-03
0.000000000000000000e+00
0.000000000000000000e+00
-6.974573498232738977e-01
-4.013703785984426009e-01
9.295767375267214305e-01
8.519245568981532735e-01
-5.941733476773978229e-01
4.072846758783859045e-01
7.486125727728896173e-01
0.000000000000000000e+00
0.000000000000000000e+00
0.000000000000000000e+00
-5.306383126364357938e-01
-5.738824671333491168e-01
-8.762106409449004207e-01
3.312846608373112289e-01
-7.232877471563481375e-01
0.000000000000000000e+00
-2.175232943223763815e-01
-1.277677249997852815e-01
9.408906170097828259e-01
0.000000000000000000e+00
-5.047331808432864442e-02
-2.401437716956906776e-01
-5.697747731118056880e-01
-5.518441490089756041e-01
6.520580537442000058e-02
0.000000000000000000e+00
0.000000000000000000e+00
8.912809721161814025e-01
3.490426838931850462e-01
-8.923519643062030049e-01
4.141102348358371987e-01
0.000000000000000000e+00
2.936062623224766632e-02
-7.980438714555744273e-01
0.000000000000000000e+00
3.985071095887904313e-02
5.649075283522122515e-01
1.617628495438399039e-01
4.096442380576699183e-01
4.690739021085981175e-01
-5.577265578558898707e-01
-9.504720862303375206e-01
-4.292751786486559418e-02
-7.413465880021092858e-01
-7.164376347289571623e-01
-3.566412740760922517e-01
7.538829816255754324e-02
2.314903906711596182e-01
0.000000000000000000e+00
0.000000000000000000e+00
-7.958300614135485063e-01
0.000000000000000000e+00
-8.267979073774882615e-01
3.400409689007759528e-01
-1.252199604025618918e-01
-7.196718300299176363e-01
-3.789337946255484368e-01
3.210516313956313095e-01
-5.356211890225681671e-02
0.000000000000000000e+00
-2.896455561554163172e-01
-3.198649333964043162e-01
8.451618268686962310e-01
2.119470739298803252e-01
0.000000000000000000e+00
0.000000000000000000e+00
0.000000000000000000e+00
0.000000000000000000e+00
2.717394273808690919e-01
0.000000000000000000e+00
0.000000000000000000e+00
1.866761744337375184e-02
9.345088176400335733e-01
0.000000000000000000e+00
0.000000000000000000e+00
0.000000000000000000e+00
-9.835636712695079442e-01
3.449262823904502007e-01
9.983686884419049612e-01
4.306717522546057442e-01
7.243130156735193559e-01
-8.465433017849983699e-01
8.063731352420178133e-02
2.192361171557524191e-01
-1.289133514670492975e-01
-1.611778700371306883e-01
0.000000000000000000e+00
-6.748088357789392422e-01
-9.100310651079015489e-01
0.000000000000000000e+00
0.000000000000000000e+00
0.000000000000000000e+00
3.463225391716640011e-01
0.000000000000000000e+00
0.000000000000000000e+00
-9.195770029965757431e-01
-5.067409639668287724e-01
5.761452456371838338e-01
7.893962892828356726e-01
0.000000000000000000e+00
8.183534497046314193e-01
1.000000000000000000e+00
1.938989745479908766e-01
0.000000000000000000e+00
-5.332879044092200260e-01
-6.201601162113949961e-01
0.000000000000000000e+00
0.000000000000000000e+00
0.000000000000000000e+00
-4.379626872836870355e-01
0.000000000000000000e+00
-8.951425325040047731e-01
3.487747902111082432e-02
5.548202873726015838e-02
-1.937147911328751526e-01
