8.388030640210564215e-01
-7.939383957068848474e-01
0.000000000000000000e+00
-8.175951636470557560e-01
-9.491548496455644024e-01
3.229483281012677232e-01
6.349157274412242646e-01
2.613597170374042378e-01
-5.449271890210112268e-01
1.712787084134936855e-02
-3.853322501574825143e-01
-3.289235695372725310e-01
5.517392565943513016e-01
0.000000000000000000e+00
-4.620830529027648570e-01
9.009528323660407345e-01
6.749271193874823993e-01
-7.912427054851343122e-01
-7.516196357130660033e-01
7.864216306065932027e-01
-1.873315564265034538e-01
5.270479177045175323e-01
-2.565799497522174288e-01
0.000000000000000000e+00
4.232050204048272146e-01
5.134804531745038592e-01
0.000000000000000000e+00
3.071511923729646210e-01
-1.892323653067551348e-01
7.744422275662572464e-01
0.000000000000000000e+00
8.486703466619416325e-01
-9.675997782033385342e-02
-2.921376039620187104e-01
-4.551031359531112486e-01
-7.868896740696069703e-01
0.000000000000000000e+00
5.857644521296601070e-01
1.888616535252580775e-01
-4.180726617571215442e-01
0.000000000000000000e+00
0.000000000000000000e+00
9.487753529416182996e-01
0.000000000000000000e+00
-1.434418750277441923e-01
2.976118511773848674e-01
-2.717876359285378296e-01
-8.450450839556213900e-01
-2.301473674536218539e-01
6.578631742559448714e-01
0.000000000000000000e+00
7.966032656588026839e-01
7.758957648953039854e-01
-1.638139282168378230e-01
-1.998327810101840907e-01
0.000000000000000000e+00
-9.915995277570408550e-01
-6.537920674466857207e-01
8.839344800140729319e-01
0.000000000000000000e+00
-8.714872497529255746e-01
-7.849640069848298207e-01
-5.669032073298434504e-01
4.815946831685298246e-01
-1.356718910673126999e-02
0.000000000000000000e+00
-6.798119156985042988e-01
-5.727803058317899598e-01
1.051124994541232649e-01
3.451740897313970713e-01
-7.676112760376614386e-01
9.670040721068704492e-01
2.687272683992469879e-02
2.446381361558858103e-01
-5.591226428958886441e-01
0.000000000000000000e+00
-9.111911851067537871e-01
-9.529492916580570849e-01
-5.295553830283017405e-02
0.000000000000000000e+00
7.621942508663925864e-02
0.000000000000000000e+00
2.763300307841820569e-01
9.807205435018895301e-01
0.000000000000000000e+00
0.000000000000000000e+00
0.000000000000000000e+00
-7.793343997392598865e-01
7.454131328755249086e-01
0.000000000000000000e+00
0.000000000000000000e+00
3.192562703530632540e-02
8.765942503995449719e-02
2.942277727158748579e-01
-8.143654897025618400e-01
0.000000000000000000e+00
0.000000000000000000e+00
1.132904753126677821e-01
2.115256354536878547e-01
5.536541246134973893e-01
0.000000000000000000e+00
1.301691284500061663e-02
0.000000000000000000e+00
8.415173450906900943e-01
-3.599950903795416934e-01
0.000000000000000000e+00
-5.185638874724114444e-01
-9.325661623581718018e-01
-1.109372010741334069e-01
3.141582289384503568e-02
3.780201140419161554e-01
8.709820687774616488e-01
7.645078307921937544e-01
1.856097652411334842e-01
0.000000000000000000e+00
8.299583782519075470e-01
-2.252764450607704916e-01
-7.622285683990377425e-01
-5.148839909413727156e-01
0.000000000000000000e+00
-4.486962659383644247e-01
-4.561059103365114886e-01
-5.134857787894133718e-01
1.100621267739727571e-01
-1.492741276089890601e-01
-8.927823728834605177e-02
-5.164951988916743897e-01
0.000000000000000000e+00
6.428209011672338935e-01
1.317529758180340238e-01
-2.272764003213927353e-01
-1.197090481164755360e-01
-1.824027926416738055e-01
9.011286879554067930e-01
4.122368582232025513e-01
3.278323539478273929e-01
3.057793759490425867e-01
2.516442017711812973e-01
-9.088999980716314653e-01
6.990912932289239379e-02
0.000000000000000000e+00
9.074854648584040895e-02
0.000000000000000000e+00
3.721244521792437254e-01
-5.440678010651622820e-01
2.650304366446107895e-01
-1.521748456329756749e-01
0.000000000000000000e+00
6.687527999931568434e-01
2.945746314767812013e-01
8.391885842116313388e-01
2.541345062760456130e-01
-4.727753427912591011e-01
0.000000000000000000e+00
0.000000000000000000e+00
-2.099104065895975868e-01
-8.916761603136791337e-02
-2.579621050991818265e-01
9.219169146725831876e-01
-7.597214462977097682e-02
-4.235680939389667721e-01
0.000000000000000000e+00
6.468985386385845970e-01
-2.450278764937017240e-01
5.750086238311633569e-01
3.874483861660662498e-01
3.318231118606682628e-01
-6.921770833637042042e-01
-4.898413234017160445e-01
0.000000000000000000e+00
3.712303262970209072e-01
2.711249980603418486e-01
-1.161845154753446963e-01
1.273290720954873834e-01
4.082516718446991266e-01
-8.567836908783694749e-01
-5.895450228573950735e-01
0.000000000000000000e+00
0.000000000000000000e+00
0.000000000000000000e+00
-2.550834957249441537e-01
0.000000000000000000e+00
-5.687529433716753680e-02
4.522246875472064609e-01
-4.209095805607894203e-01
8.190172384094385194e-02
4.064770667432207052e-01
-7.519576024309650997e-01
-4.031253711781861426e-01
-4.194828974552162748e-01
-7.706386358849481866e-01
0.000000000000000000e+00
0.000000000000000000e+00
3.623188682387481485e-01
-7.376468423072239933e-01
-5.202279361621544584e-01
1.399992650164880725e-01
-9.040805908010669523e-01
-4.915045129524528988e-01
-5.637191991169312466e-01
-8.061787886579505624e-01
-7.944645940813648277e-01
0.000000000000000000e+00
0.000000000000000000e+00
4.136783853718568604e-01
0.000000000000000000e+00
-7.163986788588121435e-01
9.028350895911749774e-01
7.468633804184157121e-01
2.558345762339320206e-01
-2.695473379274953007e-01
-3.400236150146902503e-01
-1.348731775859259852e-01
0.000000000000000000e+00
8.919132203257538194e-01
-7.725174291674856697e-01
-8.712374984574715597e-01
0.000000000000000000e+00
5.144918576058101767e-01
-1.355171460043178566e-01
-2.474956996633381756e-02
-6.029884000403002986e-01
2.852613335015476981e-01
-3.510523087107888518e-01
8.420483064355424041e-01
-5.839260870163149875e-01
0.000000000000000000e+00
8.352698152163426926e-01
0.000000000000000000e+00
-3.950776945751637292e-01
0.000000000000000000e+00
2.625217165806410513e-01
-4.484432327524003892e-01
9.507688990618274882e-01
0.000000000000000000e+00
-5.776920609409437191e-01
-7.302278821298719969e-01
4.984928291382024756e-01
0.000000000000000000e+00
-6.695648144230672560e-01
6.945095830493297484e-03
0.000000000000000000e+00
0.000000000000000000e+00
-4.774443181179448548e-01
-7.641105875876275100e-02
-7.413874039545376160e-01
0.000000000000000000e+00
6.917933932552247089e-01
-8.518899027149227088e-01
7.887942578231130764e-01
-9.220776457670794013e-01
7.848294871512271342e-01
3.929445434899383471e-01
-3.512135981982966726e-02
-8.955931754779653531e-01
0.000000000000000000e+00
2.625476727165261259e-01
2.007465453486083629e-01
9.187018627153689110e-01
0.000000000000000000e+00
0.000000000000000000e+00
6.196504109987532871e-01
0.000000000000000000e+00
0.000000000000000000e+00
0.000000000000000000e+00
