9.693247177494042077e-01
0.000000000000000000e+00
5.553649099821451607e-01
0.000000000000000000e+00
0.000000000000000000e+00
8.542470573212304075e-01
1.882967935242967350e-01
4.095810980405096835e-01
-2.010445993386640318e-01
6.430104133282086298e-01
0.000000000000000000e+00
1.147668943826312127e-01
-4.877789074527076885e-01
7.357737407430937626e-01
3.206671140110537443e-01
-5.669372928389706523e-01
-7.716670452056986207e-01
0.000000000000000000e+00
6.033498093330174061e-01
0.000000000000000000e+00
-6.489443302675297343e-01
-3.148145544518239358e-01
-1.349272738604379018e-01
-7.852997298586381625e-01
-8.122115688964837155e-02
0.000000000000000000e+00
9.177241382476233333e-01
7.244871529126497567e-01
8.556142720229555909e-01
0.000000000000000000e+00
-3.118017925592113659e-01
0.000000000000000000e+00
0.000000000000000000e+00
6.047822008731043031e-01
0.000000000000000000e+00
-8.423392160756864033e-01
-9.321699367925007085e-01
-4.972872344956893453e-01
0.000000000000000000e+00
-5.806723243519815725e-01
8.429578010639318109e-01
-1.533083573837037417e-01
-8.674588587288802888e-01
-3.555980445840181137e-01
2.276338857354536227e-01
1.142210685515145929e-01
-8.190573339779172457e-02
-8.571018272897903412e-01
-4.527542206385770651e-01
0.000000000000000000e+00
6.050518951603056639e-01
-5.097159787080292048e-01
9.802539847866698075e-02
9.319873789903421191e-01
0.000000000000000000e+00
-9.406593908902309842e-01
0.000000000000000000e+00
1.035551054486094635e-02
-3.325562861981998797e-01
0.000000000000000000e+00
-5.386879888238760294e-01
5.425369412308784778e-01
0.000000000000000000e+00
5.165013417750696778e-01
-7.946490913414274715e-01
7.921885910562433963e-01
8.021947421317832116e-02
7.000848719849237511e-01
7.259777841273939991e-02
-9.255025906396956437e-01
6.257311992932532707e-01
-8.680262048610012382e-01
6.352997197445087174e-01
1.605202451466261060e-01
1.636623653801079215e-01
-9.873485662022798426e-01
8.823994583688004045e-01
6.691017260472527095e-01
-1.629227538037045786e-01
-8.749658105221389537e-01
6.561679806795426284e-01
1.994716829350746679e-01
-9.084834360082905125e-01
2.699026864954798821e-01
-8.406656103116443290e-01
-5.523325047257154896e-01
6.632319130894512860e-01
5.508782055586085580e-01
-1.152690353706451454e-01
9.372131749703018766e-01
-6.446994333331705906e-01
-4.062702866729661633e-01
-8.844183663279929775e-01
-3.783401486602986363e-01
-8.582533164116195046e-01
-1.873101199420463825e-01
7.504833845470220144e-01
4.822613088983147556e-01
-3.635573080870371232e-01
3.954546067956445921e-01
-2.025625452498280854e-01
6.812230435284820640e-01
-5.339468957393389559e-02
-9.740321256625001922e-01
8.234071090326970932e-01
-2.807576456442448798e-01
5.448098491173196667e-01
2.049553749588415297e-01
6.525136046696795589e-01
6.732477790170054988e-04
-8.297019036433028738e-01
4.588034298273628853e-01
2.101096703269658139e-01
1.491900992706096662e-01
-7.427278890364443775e-01
-2.283273824288847287e-01
6.908349335806893698e-01
-2.415521160751394891e-01
-4.491071039189820091e-01
7.149467611134181499e-01
-2.491928642609604339e-01
9.603677366683154304e-01
-2.873402562123141823e-01
-7.336100182645854950e-02
-3.868941751149299613e-01
-8.858536372202099329e-01
-3.734531622341519252e-01
-2.369407993564645043e-01
7.879640359345527756e-01
-8.366009646598053795e-01
7.108793247669324966e-01
-1.941271502425470086e-01
-4.863588744469840019e-01
5.733487453581471716e-01
-7.682199451866389417e-01
1.853180280651323120e-01
8.534000391816602971e-01
9.354400349813922766e-01
-5.558105525629872812e-01
8.673592942717816001e-01
2.569814978306184106e-01
-9.299882725107506687e-01
-7.995769046824354742e-01
-8.298849473929397202e-01
-9.854501777872470836e-01
2.153110806781066700e-02
1.886319168901153809e-01
3.321400416977557946e-01
8.319334630749668502e-01
-6.118429180161979453e-01
3.641431979052702772e-01
-9.167382338635843286e-01
-2.862586156219673050e-01
-7.045424950361178773e-01
6.149058930463757733e-02
-8.857230263777793322e-01
-8.175761720994196846e-01
8.600755540270481614e-01
-8.844010929137640087e-01
4.953782215349127327e-01
-4.710781449947576416e-01
-8.839616763053688153e-01
-9.014719083860616156e-01
-5.888157947942587178e-01
-1.728300745255499926e-01
-6.242252503051519685e-01
-3.148963776258171254e-01
-6.532839378753967363e-01
-2.253904907817239067e-01
-2.923284283354621316e-01
3.044168525867301245e-01
-9.227890911691929432e-01
-3.241429325935807348e-02
1.497862181010858329e-01
-4.184844640914067160e-01
5.585768023323010034e-01
7.708613540145665688e-01
-8.104418074240922198e-01
-2.782970933866206753e-01
6.725294476924026377e-02
7.251732264790982097e-01
1.884097041803745043e-01
-9.814605014247961279e-01
-1.051055152217506006e-01
-7.331613457587142779e-01
-5.045466146011345909e-01
5.983522354942143462e-01
1.660251647245747364e-01
2.905716336041510583e-01
-4.369805853044026467e-01
3.827885848802068391e-01
7.528023816242750410e-01
-5.893757248799966764e-01
-7.364370439939253998e-01
5.757348978318312938e-01
-5.014564396595615481e-01
-7.889330780535954712e-01
-1.622939568820402911e-02
-6.263500122717762242e-01
-5.730045380157449131e-01
-4.325808435224725024e-01
-8.309769149318189108e-01
6.378602235649104557e-01
1.306924120480230656e-01
3.065615351729333860e-01
-4.159698703628234018e-01
5.504330537593218331e-01
9.220131086167944190e-01
9.992092201501996396e-01
-9.150414203832719640e-01
-3.790265325374915228e-01
-8.209344000291489696e-01
-5.038958041400998233e-02
3.150254657877511466e-01
2.164982045667229738e-01
-2.910091685195759226e-01
9.271810338944985741e-01
2.475240889532279720e-01
9.933040826803221091e-01
-1.488825248552603231e-01
2.895870031834779645e-01
-8.015950180325361885e-01
7.161274830335617736e-02
2.928596080037149108e-01
-5.341874968535529344e-01
2.484992092068296632e-01
-7.354836454316602268e-01
-7.704256354062954948e-02
2.141434422605912324e-01
-4.038113311573199304e-02
-6.971965227178038571e-01
-6.196191686469740834e-01
-2.500647228544394807e-01
3.040882965206479494e-01
-1.340311476377611388e-01
-5.983636959741229777e-01
-3.241369971476422140e-01
-3.829270387126719744e-01
-7.247431986438714890e-01
1.780655422633972140e-01
-5.799930088232674308e-02
-3.489427428798799191e-01
-9.968120197931948923e-01
8.278213117784980479e-01
-9.093011020490926466e-01
-7.697523205424583459e-01
-4.124879083551791226e-01
5.786285168268374690e-01
8.730472103107227433e-01
5.182681563894004917e-01
-5.873676353338479483e-01
6.785451483271198736e-01
-9.350699778355822112e-01
-7.755137028284060374e-01
-7.764168915782108105e-01
1.266123494081361489e-01
1.872020576007973336e-01
2.534613685960951379e-01
8.961154971176605866e-01
5.045282077635979689e-01
4.875238988797712114e-01
-6.541440617427669579e-01
8.209248017475347936e-01
8.378819107996142712e-01
6.565789465088798238e-01
