-2.584236020602836970e-01
-4.828099230861615521e-01
8.713539131851033570e-01
-7.974624392571814102e-01
-6.782894478094576574e-01
4.934755393518603928e-01
-3.621585537589486758e-01
7.219835647750261209e-01
6.927484405599060313e-01
8.042534394297140565e-03
2.684687918831463183e-01
-2.395115481175751349e-01
4.969459152813813230e-01
9.439434850603387606e-01
2.510371327124267804e-01
-2.619418807723898901e-01
8.340464275163086416e-01
-9.888921344798760060e-01
5.091213746157170483e-01
9.040951999997757227e-01
-5.443420110519228139e-01
2.742679147092421665e-01
-7.848052490482031462e-01
-2.084079710683657272e-01
8.865585217968046106e-01
-8.261768251242342931e-01
-6.233050213009312390e-01
-6.886956394055312458e-01
-6.890196018806462597e-01
-5.512042297237609301e-01
9.133937657015376299e-01
2.180940595795863857e-01
2.428653094028843107e-02
6.108142989058273908e-01
3.164200277780386816e-01
9.497346640651742611e-01
-3.206387037986719868e-01
6.259087477555547174e-02
8.119117786338232445e-01
-3.802013060269950895e-01
8.422770126642822319e-01
-2.416795579559900542e-01
-9.282124684540571380e-02
-2.022295625441685729e-01
-7.624273081686230302e-01
-2.963467177201741798e-01
4.129723320713438728e-01
6.982331496406513072e-01
1.247161178325804087e-01
-8.827901305992642556e-01
-8.569157656347872187e-01
6.345312082133078846e-01
0.000000000000000000e+00
-9.063041295510401163e-01
-1.674839503835223731e-01
5.630885734174011503e-01
2.760947564948643684e-01
3.137550657572105717e-01
9.296315766318601348e-01
5.475911275022313784e-01
0.000000000000000000e+00
0.000000000000000000e+00
4.444176778771178338e-01
3.296783952658703942e-01
9.104826040942999299e-01
7.638499328633017171e-01
6.625813978983385866e-01
0.000000000000000000e+00
-4.557093088644721401e-01
-1.099316586790775041e-01
0.000000000000000000e+00
4.430204970319733260e-01
-1.466202049987641587e-02
-7.613657226225809538e-01
9.360244895604561410e-01
3.179890161551095495e-01
0.000000000000000000e+00
-3.049387792645275042e-01
3.869722524375651673e-01
-3.782447021350729965e-01
0.000000000000000000e+00
-8.212788666191654929e-01
0.000000000000000000e+00
0.000000000000000000e+00
7.112968631503224781e-01
8.852832870132849585e-01
1.067959122763926239e-01
9.977150358954456344e-01
8.054909375294820872e-01
-2.100122154689281206e-01
1.643030817157240531e-01
0.000000000000000000e+00
0.000000000000000000e+00
7.083065636931882292e-01
0.000000000000000000e+00
0.000000000000000000e+00
0.000000000000000000e+00
8.154911744416759589e-02
0.000000000000000000e+00
6.475435466897616621e-02
-2.287320253684501647e-01
-1.803637595349303346e-01
0.000000000000000000e+00
8.911489192568453621e-01
-1.899204026616587715e-01
3.233918619924833759e-01
0.000000000000000000e+00
-5.960231724729114777e-01
8.583565026351664962e-01
0.000000000000000000e+00
6.691707564489723925e-01
1.364500677175306542e-01
-5.695269530575557404e-01
-8.203138876301527826e-01
7.135906699698917333e-01
8.299583782519075470e-01
-2.252764450607704916e-01
-7.622285683990377425e-01
0.000000000000000000e+00
-5.559292516390128558e-01
-4.486962659383644247e-01
-4.561059103365114886e-01
-5.134857787894133718e-01
1.100621267739727571e-01
-1.492741276089890601e-01
0.000000000000000000e+00
0.000000000000000000e+00
7.875766200502467562e-01
-9.083019541634085314e-01
0.000000000000000000e+00
0.000000000000000000e+00
4.913604398384294747e-01
0.000000000000000000e+00
0.000000000000000000e+00
-1.540188738347878505e-01
3.940781701155120498e-01
0.000000000000000000e+00
1.240869185228254956e-01
-2.661845343396047614e-01
4.795479735694885282e-01
9.376896656578603828e-01
-7.615444306487733073e-01
8.093905342094571687e-01
7.419692288813983794e-02
4.289762145215014755e-01
-5.351476833102513098e-01
-5.393756295077039020e-01
7.488032405377000877e-01
4.689194252421087228e-01
8.470902528175157098e-01
0.000000000000000000e+00
7.508311557542861614e-01
8.310594358089657963e-01
2.945490103415093763e-01
-2.878001556041585030e-01
0.000000000000000000e+00
0.000000000000000000e+00
-3.544235829606723343e-04
-6.075700209170722399e-01
-2.317336172134265571e-01
7.588275651864073712e-01
-5.190571305757771814e-01
7.738847804997837088e-01
4.267618368640861970e-01
0.000000000000000000e+00
9.535616861811413436e-02
-7.716686084333446161e-02
1.763889470584418806e-01
8.386210971689156413e-01
-6.996075806428945221e-01
9.447921094717817159e-01
9.894281857539624081e-01
7.803831727785282002e-01
0.000000000000000000e+00
0.000000000000000000e+00
-4.956789840295219296e-01
-2.134685653967127728e-02
-1.170179395988113491e-01
9.463333476399782285e-01
4.092990320155813766e-01
3.170583666291935110e-01
7.878874724809343810e-01
8.831846628575148461e-01
-1.513511359683565871e-01
-2.932140601218833353e-01
-1.387044417141527486e-01
-5.144640571950762631e-01
4.120112248767782148e-01
0.000000000000000000e+00
0.000000000000000000e+00
0.000000000000000000e+00
3.146732563439922359e-01
0.000000000000000000e+00
8.965876972435535830e-01
0.000000000000000000e+00
-5.118644046262614822e-01
-2.066150384262224193e-01
-3.133254354258785401e-01
-2.358019377066848943e-01
2.473605084728043302e-01
-1.119768703665076082e-01
-9.537963778259503922e-01
3.768530378322152430e-01
2.266664763880457123e-01
-3.917192084662886042e-01
1.760075191798120553e-01
-1.109953742057545600e-01
0.000000000000000000e+00
-5.344609123054342437e-01
9.392411335369772463e-01
-3.390599086716907795e-01
0.000000000000000000e+00
9.225977787846832978e-01
6.274946978275957044e-01
-5.697673420298221547e-01
-9.423892157043494144e-01
-6.116959049235302093e-01
3.868977994040820878e-01
9.259537092640799383e-01
0.000000000000000000e+00
-9.115012362974905802e-01
0.000000000000000000e+00
7.941626640912839985e-01
0.000000000000000000e+00
0.000000000000000000e+00
9.689513501294619857e-01
-1.870210658029720641e-01
-7.140042502496344312e-01
3.051830009836984381e-01
9.384763783671052906e-01
-7.204443916977503193e-01
8.748757955306658562e-01
5.263706684839473127e-01
4.531196402842743165e-01
-9.492727750803466868e-01
-1.711829677619889356e-01
5.109426982875309164e-01
6.791478092713782999e-01
-4.762987729899812450e-01
0.000000000000000000e+00
6.266592606637675367e-01
-5.033008410717185743e-01
4.179665798528160447e-01
0.000000000000000000e+00
3.010631057410144695e-01
-9.124343197467386091e-01
-5.211638107842286871e-01
-6.154218752847975260e-01
-1.522520074752029551e-01
7.527126031180242371e-01
-3.992715513630336055e-01
-9.723395745426801628e-01
9.833234790720219998e-01
2.492456275178345226e-01
-4.552987666257939381e-01
4.696905351206115409e-01
-2.755915493682741246e-01
7.339720246469965126e-01
0.000000000000000000e+00
4.236789017593884932e-01
-5.036727950925639075e-01
6.674598567357461487e-01
4.298023107515804853e-01
2.662083929397374149e-03
-2.380132659240499216e-01
