9.693247177494042077e-01
-8.943706850126900143e-01
5.553649099821451607e-01
-3.686563447535740057e-01
-9.751704515937711371e-01
8.542470573212304075e-01
1.882967935242967350e-01
4.095810980405096835e-01
-2.010445993386640318e-01
6.430104133282086298e-01
6.544108082845077057e-01
1.147668943826312127e-01
-4.877789074527076885e-01
7.357737407430937626e-01
3.206671140110537443e-01
-5.669372928389706523e-01
-7.716670452056986207e-01
9.076492931156605604e-01
6.033498093330174061e-01
7.427906744695322860e-01
-6.489443302675297343e-01
-3.148145544518239358e-01
-1.349272738604379018e-01
-7.852997298586381625e-01
-8.122115688964837155e-02
8.173250488746797160e-02
9.177241382476233333e-01
7.244871529126497567e-01
8.556142720229555909e-01
9.871501713973771519e-01
-3.118017925592113659e-01
-1.492524139936934890e-01
6.379114117605739764e-01
6.047822008731043031e-01
-4.282360831570886095e-01
-8.423392160756864033e-01
-9.321699367925007085e-01
-4.972872344956893453e-01
-5.952535197836783531e-02
-5.806723243519815725e-01
8.429578010639318109e-01
-1.533083573837037417e-01
-8.674588587288802888e-01
-3.555980445840181137e-01
2.276338857354536227e-01
1.142210685515145929e-01
-8.190573339779172457e-02
-8.571018272897903412e-01
-4.527542206385770651e-01
9.529837017349782613e-01
6.050518951603056639e-01
-5.097159787080292048e-01
9.802539847866698075e-02
9.319873789903421191e-01
2.814033183963933205e-01
-9.406593908902309842e-01
6.462180223523137368e-01
1.035551054486094635e-02
-3.325562861981998797e-01
-4.436436183370180419e-01
-5.386879888238760294e-01
5.425369412308784778e-01
9.963978894577185663e-02
-7.247381682063829267e-01
-8.690428858081353791e-01
3.855551955053266866e-01
-5.917205454450842339e-01
-5.059309061802534924e-01
1.118842438510572190e-01
2.488766007794920299e-01
8.112276726273430771e-01
-4.171995546629316820e-01
7.694464370527434038e-01
8.327103810206226697e-01
-9.860084717257828757e-01
-3.400530184150225566e-01
4.675232810078819856e-01
-9.798097574490745032e-01
3.158874469009409491e-01
5.990753453241799420e-01
2.175936281034782649e-01
-9.138856966535795490e-01
3.592982052473507881e-01
1.294475692525469679e-01
-6.257526690407591019e-01
-2.337590580379040883e-01
-5.900655484401626794e-01
-1.265137786677510423e-01
9.695116946445088146e-01
6.252853360013250761e-01
-1.541096139173887547e-01
1.523136301077498977e-01
3.588957814664250900e-01
5.949760463454560888e-01
-3.994233003243690128e-01
-4.832464094782875641e-01
8.647773631756774382e-01
-5.561225641854714574e-01
-8.341663213820904588e-03
-6.908334749873488168e-01
-1.106834816237796115e-01
-9.939587071072850666e-01
9.382557946040637198e-01
-7.517402260210044318e-01
-2.998571833990992808e-01
-9.936594203787192381e-01
8.899253491695855445e-01
8.871798350909865238e-01
8.714401843357713062e-01
2.728263313173844296e-01
-2.503083603488684972e-01
1.896718940903086015e-02
-7.880951867919245846e-01
-4.896302291538421336e-01
5.550350989071439756e-02
8.862543022348505772e-01
9.571814431505540899e-01
6.661033997195116019e-01
-3.111487512348618534e-01
4.315699339655334477e-01
6.091644160625842019e-01
5.359224952277494847e-01
5.790312501156109626e-01
7.972150858894244685e-02
-2.090443009096951688e-01
-9.858323934566162183e-01
-8.478238358945040520e-01
5.015934999710136566e-02
-3.536661668866341035e-01
-6.386042415619708201e-02
-8.453181654856616323e-01
1.473892987573000024e-01
1.774144367753192064e-01
4.417745793624483497e-01
4.263850749721300737e-01
-6.047257081111003796e-01
3.305880596399646265e-01
-8.487983688415137173e-01
-6.389173778660033332e-01
-8.180846936417767168e-01
2.210605570727044444e-01
2.206582478460095142e-01
7.787838990801541073e-01
-8.301278964689005058e-01
-6.574237664285220717e-03
1.258372043587732136e-01
2.680199978342034939e-02
-6.075117610246980604e-01
8.609633316794751412e-01
1.195793634927755367e-01
-2.616871691547593137e-01
1.521831333814760434e-01
6.056259375982324666e-01
-9.218377372018662363e-01
-6.484899924809590654e-01
-8.500677339966877799e-01
1.880136148063331625e-01
3.701002857273429925e-01
-5.067974111615356492e-01
-4.753595070375842280e-01
-3.152309995836128920e-01
-8.825782223460754139e-01
4.795897758277578582e-01
-5.792804825974191552e-01
8.468303361991611489e-01
-9.201131479343729325e-01
-8.769328416245247837e-02
7.029304659033703828e-01
-3.508836707229465723e-01
7.535572590805716953e-01
2.002133523077083144e-01
-1.833780777517115546e-01
2.016233610545468125e-01
6.985197241380800559e-01
3.659239809306424895e-01
-9.007853238441885235e-01
-6.756387677793047608e-01
2.617585786654934576e-01
-1.936569486152062147e-01
-8.563129773968196634e-01
8.444796314001925541e-01
5.237682354766475257e-01
-3.715299116612120756e-01
4.827378698205195828e-01
8.969348171061506392e-01
-1.448133563436306837e-01
2.509507990272383804e-01
-5.626257696536802744e-01
-5.370568036772309650e-01
4.418081023931552664e-02
8.100838183023417738e-01
6.981028120173646823e-01
8.506687449034580073e-01
2.438855241573718580e-01
6.925000786879484949e-01
6.123953864641895617e-01
3.093291799361033156e-01
7.306048310962092174e-01
8.581719005918275744e-01
9.805159266818375130e-01
6.235186468988678232e-01
4.273559879105286452e-01
6.334845182828257037e-01
-5.541169405068324672e-02
1.817876847260693207e-01
3.416479450747109681e-01
-5.967793302510928655e-01
-1.853774249228374860e-01
5.257071366582544147e-01
3.836143760650567724e-01
-1.797314876026658848e-01
-3.099235494627992082e-01
8.011427101627794922e-01
6.852941831447005860e-01
2.748166571122823143e-02
-7.219638951205344934e-01
-5.376828755487175204e-01
9.437596924825535361e-01
5.014366875118947409e-01
-6.099740806639681878e-01
-3.058231556976693799e-01
9.357482431948900281e-01
7.120481077204696696e-01
6.056806671204773007e-01
9.015005713523420727e-01
-4.788477420303194343e-02
-9.554066238819780565e-01
1.713137845996144382e-01
9.534780791966912528e-01
-2.639049380095732644e-01
6.253268713575428350e-01
7.401985760116223112e-01
-2.572598633052556316e-01
9.489506619766943096e-01
1.187463704826980937e-01
-5.440895313605380590e-01
2.737550306769223063e-01
5.462363417724767078e-01
-6.704177723377888753e-01
4.880137614499551191e-01
-6.776119226115722149e-01
-1.608689878287870023e-01
-9.074772195344935621e-01
5.346145889357778458e-02
6.183975561752868000e-01
9.042474981107995191e-03
-7.675044589010209251e-01
5.476030915942931010e-02
-8.196302538530571002e-01
1.209998911445742120e-01
8.378522203098823784e-01
-5.329050886986019808e-01
-1.441634678705900896e-01
-7.457339278772114888e-01
4.903667098584794104e-01
-3.321580099938514774e-01
9.493739847363167339e-01
-3.220639848993731569e-01
9.176227237417950988e-01
8.708151556214283051e-01
1.204595340613678900e-04
6.674598567357461487e-01
4.298023107515804853e-01
2.662083929397374149e-03
-2.380132659240499216e-01
