-8.171875234819607758e-01
-2.141219163266809833e-01
-4.059863848038847145e-01
9.274944034672258919e-01
-3.822630070110279998e-01
-5.229053338101414816e-01
-2.381650656199891802e-01
5.312548159487600063e-01
-2.856583903296039395e-01
8.645508647130029090e-01
-3.004471388917318020e-01
7.145931638321156854e-01
9.698693630069012972e-01
-7.197781941794154648e-01
2.012944811732957362e-01
6.568813890765001773e-02
5.820856461492143197e-01
1.130362100057924479e-02
-9.209766943507193826e-01
5.121702469145084091e-01
3.088746247618510132e-01
4.335030553653360652e-01
-8.154960832985369557e-01
9.518538085018619643e-01
-6.425627856930826720e-01
-4.348070043890617242e-01
-6.002519403034534129e-02
-9.582359155699826658e-04
-3.296568565526278860e-01
6.937406150193712318e-01
-2.189125588021303415e-01
5.803183671957738987e-01
7.031683511455382174e-01
-4.240332834005962059e-01
-7.942375652406217235e-01
-2.696895446091749360e-01
2.052337183330830150e-01
-9.341387725576184575e-01
-9.141823097643291263e-01
1.918210625860514718e-01
-4.442882293168401997e-01
-2.592559138036101274e-01
-7.397856689206052661e-01
9.489221805559382439e-01
6.070811606627362078e-01
7.169501279441068409e-01
-3.211796733590008834e-01
-7.485883155441452885e-01
-7.247388292434853163e-01
8.334600127666764724e-01
-3.844300682811851999e-02
-5.693967285111929399e-01
8.255212177925306261e-01
7.728899076823523284e-01
-6.085651959363880259e-01
6.057932578887859076e-01
-6.454379069143634240e-01
-7.845940643721662777e-01
-5.907801343318010989e-01
3.342929552953950445e-01
-8.769157646634195835e-02
-2.436861114048367583e-01
5.170307725504661445e-01
-6.036106156044225290e-01
5.447448613168199838e-01
4.552423479420035779e-01
-4.030030820705394756e-01
-9.398145654542502392e-01
-4.123598069199514438e-01
-3.612265271211974049e-01
-8.907998692138070496e-01
-9.570854042086198721e-01
4.486411054349777050e-01
-9.982802444529486063e-01
9.759028448817324009e-01
-9.611733497429695294e-01
-3.443465224372617151e-01
1.426052164464515215e-01
7.676212267375179810e-01
-5.979114028057828101e-01
-5.314339710830346952e-01
9.694839570166586817e-01
3.701618973904041709e-01
-7.635390922497171662e-01
5.121995562001357971e-01
-7.485110756967381374e-01
-1.242989712083051312e-01
3.776761998054167790e-01
-4.201024117446976458e-01
7.130599243600219683e-01
-9.243795005626773698e-01
-7.227417390341739356e-01
3.108318063125317110e-01
9.731620214237366451e-01
2.903160522973000646e-01
2.911115555570984448e-01
3.324728058141777076e-01
-2.382348123661315320e-01
-2.554976499371734988e-01
3.553892179838820109e-01
-8.207474963535512646e-01
9.633605748971025839e-01
-1.229737625108651145e-02
-3.404853187983678531e-01
-5.855248291756331991e-01
4.044386023458907964e-01
5.991342337575615851e-01
-3.340381070506084349e-01
-2.821412832866687648e-01
-4.439203010219383572e-02
-6.900228142631641415e-01
8.402738536699132510e-01
-9.049787697933189268e-01
4.146289240331983983e-01
6.653449933035984198e-01
5.345913574758935916e-01
-8.719833603954241230e-01
-5.768386083802554687e-01
-9.957116254126323618e-01
5.914648393026549211e-01
3.093496230971723993e-01
8.693312856916377562e-01
-3.405415857291680393e-01
3.103444897380940315e-01
-3.093067142034693351e-01
2.141602260441204386e-01
-3.718834161651456416e-01
7.749050483780666188e-01
-9.083019541634085314e-01
-3.849169094833859717e-02
-2.645604980711662169e-01
4.913604398384294747e-01
-7.877352138273152615e-01
-8.126659778060734141e-01
-1.540188738347878505e-01
3.940781701155120498e-01
-8.143430337117885109e-01
1.240869185228254956e-01
-2.661845343396047614e-01
4.795479735694885282e-01
9.376896656578603828e-01
-7.615444306487733073e-01
8.093905342094571687e-01
7.419692288813983794e-02
4.289762145215014755e-01
-5.351476833102513098e-01
-5.393756295077039020e-01
7.488032405377000877e-01
4.689194252421087228e-01
8.470902528175157098e-01
1.535084678384603940e-01
7.508311557542861614e-01
8.310594358089657963e-01
2.945490103415093763e-01
-2.878001556041585030e-01
1.931671444418416872e-01
5.632486624104848794e-02
-3.544235829606723343e-04
-6.075700209170722399e-01
-2.317336172134265571e-01
7.588275651864073712e-01
-5.190571305757771814e-01
7.738847804997837088e-01
4.267618368640861970e-01
-6.806825399168328072e-01
9.535616861811413436e-02
-7.716686084333446161e-02
1.763889470584418806e-01
8.386210971689156413e-01
-6.996075806428945221e-01
9.447921094717817159e-01
9.894281857539624081e-01
7.803831727785282002e-01
9.262506928667790795e-01
-3.787843364236591626e-01
-4.956789840295219296e-01
-2.134685653967127728e-02
-1.170179395988113491e-01
9.463333476399782285e-01
4.092990320155813766e-01
3.170583666291935110e-01
7.878874724809343810e-01
8.831846628575148461e-01
-1.513511359683565871e-01
-2.932140601218833353e-01
-1.387044417141527486e-01
-5.144640571950762631e-01
4.120112248767782148e-01
-9.407425191928859842e-01
-7.738818476730748852e-01
8.887701846007580730e-01
3.146732563439922359e-01
2.394216680130287767e-01
8.965876972435535830e-01
-5.295846919016420351e-01
-5.118644046262614822e-01
-2.066150384262224193e-01
-3.133254354258785401e-01
-2.358019377066848943e-01
2.473605084728043302e-01
-1.119768703665076082e-01
-9.537963778259503922e-01
3.768530378322152430e-01
2.266664763880457123e-01
-3.917192084662886042e-01
1.760075191798120553e-01
-1.109953742057545600e-01
-9.710251080306029348e-01
-5.344609123054342437e-01
9.392411335369772463e-01
-3.390599086716907795e-01
-8.042150491262496370e-01
9.225977787846832978e-01
6.274946978275957044e-01
-5.697673420298221547e-01
-9.423892157043494144e-01
-6.116959049235302093e-01
3.868977994040820878e-01
9.259537092640799383e-01
-3.407750727051892525e-01
-9.115012362974905802e-01
-5.507222827681388377e-01
7.941626640912839985e-01
-7.433464168078938172e-01
-6.863914094952261458e-01
9.689513501294619857e-01
-1.870210658029720641e-01
-7.140042502496344312e-01
3.051830009836984381e-01
9.384763783671052906e-01
-7.204443916977503193e-01
8.748757955306658562e-01
5.263706684839473127e-01
4.531196402842743165e-01
-9.492727750803466868e-01
-1.711829677619889356e-01
5.109426982875309164e-01
6.791478092713782999e-01
-4.762987729899812450e-01
-8.285822185848930044e-01
6.266592606637675367e-01
-5.033008410717185743e-01
4.179665798528160447e-01
6.257282173173404072e-01
3.010631057410144695e-01
-9.124343197467386091e-01
-5.211638107842286871e-01
-6.154218752847975260e-01
-1.522520074752029551e-01
7.527126031180242371e-01
-3.992715513630336055e-01
-9.723395745426801628e-01
9.833234790720219998e-01
2.492456275178345226e-01
-4.552987666257939381e-01
4.696905351206115409e-01
-2.755915493682741246e-01
7.339720246469965126e-01
6.677175869679179421e-01
4.236789017593884932e-01
-5.036727950925639075e-01
6.674598567357461487e-01
4.298023107515804853e-01
2.662083929397374149e-03
-2.380132659240499216e-01
