-8.513359998752314528e-01
0.000000000000000000e+00
7.635906635931379860e-01
-1.508838271331214287e-01
-9.071645693192318394e-01
0.000000000000000000e+00
0.000000000000000000e+00
-4.456388128628159251e-01
0.000000000000000000e+00
5.216026151295791724e-01
-9.221113622659440345e-01
7.202573993658005769e-01
0.000000000000000000e+00
-8.462183497036355195e-01
-2.830931186541345568e-01
4.500867692824523925e-01
7.183425424649783064e-01
0.000000000000000000e+00
-8.028893788824262856e-01
-9.680380579835341504e-01
0.000000000000000000e+00
0.000000000000000000e+00
-2.565799497522174288e-01
4.385813626227146322e-01
4.232050204048272146e-01
5.134804531745038592e-01
0.000000000000000000e+00
0.000000000000000000e+00
-1.892323653067551348e-01
7.744422275662572464e-01
-2.665134519934377888e-01
8.486703466619416325e-01
-9.675997782033385342e-02
1.000000000000000000e+00
-4.551031359531112486e-01
-7.868896740696069703e-01
0.000000000000000000e+00
5.857644521296601070e-01
1.888616535252580775e-01
0.000000000000000000e+00
0.000000000000000000e+00
0.000000000000000000e+00
9.487753529416182996e-01
-8.510740162711167844e-01
-1.434418750277441923e-01
2.976118511773848674e-01
0.000000000000000000e+00
0.000000000000000000e+00
0.000000000000000000e+00
0.000000000000000000e+00
0.000000000000000000e+00
7.966032656588026839e-01
7.758957648953039854e-01
-1.638139282168378230e-01
0.000000000000000000e+00
0.000000000000000000e+00
-9.915995277570408550e-01
1.000000000000000000e+00
8.839344800140729319e-01
7.658596121421534786e-01
0.000000000000000000e+00
-7.849640069848298207e-01
0.000000000000000000e+00
4.815946831685298246e-01
-1.356718910673126999e-02
-5.595765865641433301e-01
-6.798119156985042988e-01
0.000000000000000000e+00
1.051124994541232649e-01
0.000000000000000000e+00
0.000000000000000000e+00
9.670040721068704492e-01
2.687272683992469879e-02
2.446381361558858103e-01
0.000000000000000000e+00
0.000000000000000000e+00
-9.111911851067537871e-01
0.000000000000000000e+00
-5.295553830283017405e-02
0.000000000000000000e+00
7.621942508663925864e-02
8.316515873628025357e-01
0.000000000000000000e+00
9.807205435018895301e-01
0.000000000000000000e+00
1.070560933290676253e-02
-7.683325935172624632e-01
-7.793343997392598865e-01
7.454131328755249086e-01
4.055498420467738008e-01
5.700831013686817883e-01
3.192562703530632540e-02
8.765942503995449719e-02
2.942277727158748579e-01
-8.143654897025618400e-01
9.171316144222640965e-02
-9.200368747248852674e-01
1.132904753126677821e-01
2.115256354536878547e-01
0.000000000000000000e+00
9.493329101921690327e-01
1.301691284500061663e-02
9.929873269173632444e-01
8.415173450906900943e-01
0.000000000000000000e+00
0.000000000000000000e+00
-5.185638874724114444e-01
-9.325661623581718018e-01
-1.109372010741334069e-01
3.141582289384503568e-02
3.780201140419161554e-01
8.709820687774616488e-01
7.645078307921937544e-01
0.000000000000000000e+00
-8.355676971449632617e-02
0.000000000000000000e+00
0.000000000000000000e+00
-7.622285683990377425e-01
0.000000000000000000e+00
-5.559292516390128558e-01
-4.486962659383644247e-01
-4.561059103365114886e-01
0.000000000000000000e+00
1.100621267739727571e-01
-1.492741276089890601e-01
-8.927823728834605177e-02
-5.164951988916743897e-01
7.875766200502467562e-01
6.428209011672338935e-01
1.317529758180340238e-01
-2.272764003213927353e-01
-1.197090481164755360e-01
-1.824027926416738055e-01
-9.411343446203466190e-01
7.044609917012036870e-01
1.911638821564831670e-01
6.780456641699921239e-01
3.283724839692567787e-01
0.000000000000000000e+00
-2.932197350765275434e-01
0.000000000000000000e+00
2.955565139456750590e-01
0.000000000000000000e+00
-7.467874972525860855e-01
8.693888702179661809e-01
4.474193761987508289e-01
3.304866402517880886e-01
8.340299820392211849e-01
2.108605248213495376e-01
-2.976095207321449720e-03
0.000000000000000000e+00
-7.377838198920350088e-02
9.097988456869929852e-01
4.986474873984567679e-01
3.210736766008825960e-01
3.638635207474234523e-01
-7.642630840497062206e-01
-6.090572953643282883e-01
4.816513380304376923e-02
4.282543101521030238e-01
0.000000000000000000e+00
-1.984218558120192100e-01
-7.098150200964470358e-02
0.000000000000000000e+00
5.489011893858630753e-01
4.932093364271481484e-01
2.627217163417736590e-01
7.311092890426145186e-01
0.000000000000000000e+00
8.111617744992261070e-01
8.236067681384231509e-01
0.000000000000000000e+00
0.000000000000000000e+00
3.816627550924618362e-01
1.615000398759716127e-01
0.000000000000000000e+00
-5.102856387129062199e-01
0.000000000000000000e+00
-5.787867614058979093e-01
5.120075533592929329e-01
-3.334086455705012053e-01
-5.382537184605089564e-01
0.000000000000000000e+00
-8.513557234600011014e-02
3.042775609659211788e-01
-1.149787816961558296e-01
5.909869117318788945e-01
9.375364669149988117e-01
8.243343968436047664e-01
0.000000000000000000e+00
0.000000000000000000e+00
2.506165675840543727e-01
-1.153509572823792073e-01
3.380923656237699859e-02
4.857090944878661443e-01
0.000000000000000000e+00
-9.812771752907836209e-01
-2.020627002915931225e-01
-8.121412983301099509e-01
-2.807174774972749365e-01
0.000000000000000000e+00
2.228008416542215375e-01
2.500212868649041020e-01
1.777683792390627460e-02
5.121648757049368506e-02
0.000000000000000000e+00
0.000000000000000000e+00
-6.261342395188995713e-01
-5.442994882527840694e-02
-7.639226302411896707e-01
-1.909316560425899922e-01
-7.984531163776824592e-01
-1.426629722288210722e-01
0.000000000000000000e+00
0.000000000000000000e+00
4.148453489507741843e-02
0.000000000000000000e+00
-2.442079792492988233e-01
9.039198918440096708e-01
2.784968849550581993e-01
0.000000000000000000e+00
0.000000000000000000e+00
-8.222125534659332491e-01
6.061731939957537563e-01
-3.491097409824761577e-02
-4.927869411475409578e-01
-1.040495011888362686e-01
-3.769065871575527638e-01
3.228840719926739933e-01
-9.914527013790825904e-01
3.722748867855105726e-01
2.526970512379840272e-01
-2.060451686325364129e-01
0.000000000000000000e+00
-4.180104690604105055e-01
0.000000000000000000e+00
-2.911769186293027278e-01
8.182053496116512559e-01
5.103867086223916605e-01
6.298746955936020964e-01
-6.938216322559176419e-01
0.000000000000000000e+00
0.000000000000000000e+00
0.000000000000000000e+00
0.000000000000000000e+00
-7.399846290023937012e-01
0.000000000000000000e+00
4.807158704372649360e-01
-6.032102753073780299e-01
-5.646645786258996935e-01
-9.144893406668843649e-01
-1.392679840285522275e-01
0.000000000000000000e+00
4.638655798292170562e-01
-2.570164005646762284e-01
0.000000000000000000e+00
7.506632090651790268e-01
5.742028454172323215e-01
-6.357711190761412556e-01
4.894276139118480806e-01
3.162621634825313333e-01
-6.014244172084957096e-01
4.563078960589048716e-01
0.000000000000000000e+00
-8.661016151459783874e-01
