8.092140722857568136e-01
-8.277859760159571589e-01
6.680861945513221212e-01
4.410306754558370734e-01
-6.453967064805443687e-01
3.234747645321507381e-01
2.422646533650123502e-01
4.193678509043980984e-01
7.424390236343159089e-02
-3.726381491226762321e-01
5.185562927523257315e-03
-5.244810331190532526e-01
-8.935317884060256510e-02
-1.878263286360410955e-01
-7.866351855749689204e-01
-5.358620874919635124e-01
-3.112454547439977848e-01
-2.126627561711829095e-01
1.265467869798471146e-01
4.935173662181504550e-01
-4.818541652977403889e-01
1.093748396722524774e-01
-3.243916120665770730e-01
-5.466761284550285538e-01
-7.203543757296817507e-01
9.196288307125670691e-01
8.646274019519137877e-01
6.616950622227082413e-01
-6.569068373462383370e-01
-6.979847700434420599e-01
-7.913324140771769155e-01
-3.990748857873336330e-01
-1.475114753316868477e-01
6.108142989058273908e-01
3.164200277780386816e-01
9.497346640651742611e-01
-3.206387037986719868e-01
6.259087477555547174e-02
8.119117786338232445e-01
-3.802013060269950895e-01
8.422770126642822319e-01
-2.416795579559900542e-01
-9.282124684540571380e-02
-2.022295625441685729e-01
-7.624273081686230302e-01
-2.963467177201741798e-01
4.129723320713438728e-01
6.982331496406513072e-01
1.247161178325804087e-01
-8.827901305992642556e-01
1.717844639373189430e-01
3.022000119819361341e-01
2.395720557079521473e-01
-4.824485546550243420e-01
-8.779737181956561720e-01
5.423921030542433463e-02
-4.928760818620558926e-01
6.503713230081873409e-01
7.149246754023075301e-01
-8.681777438454281182e-01
5.256134867004469413e-01
-9.759111252879648646e-02
-1.407700638316444763e-01
-8.364234474698228894e-02
7.272196644004385035e-01
-8.140224619005300699e-01
8.838941623296041605e-01
8.373128300707846083e-01
-1.333405020220617132e-01
9.502381752860915576e-01
6.024651191026211272e-01
3.671485519576782597e-01
6.840004264995602767e-02
4.311233254614841304e-01
1.527244256563207170e-01
5.802121909940411992e-01
-5.269539444048660926e-01
-1.532041323746193839e-01
1.485055304545326305e-01
-8.460747457167943075e-01
-1.033219922886416953e-01
-4.256081298056653139e-01
-6.257339205172405272e-01
-2.387505359545563088e-01
-6.060083238614912826e-01
3.919680884330956072e-01
-4.133628878863695455e-01
4.514101062905806483e-01
-4.549169016908329866e-01
-8.793400203641354995e-01
3.864805217020041983e-01
-7.632222402398654015e-01
-2.787171154759748859e-02
-3.239106844995642831e-02
-3.035120595797238252e-01
4.114404655036176806e-01
5.992584935283267189e-01
-3.550822901456589520e-01
6.760758084178322136e-01
-1.422417571081302512e-02
3.058137038829473742e-01
3.517133431715824265e-01
-3.436263484322572559e-01
1.109844130065600343e-01
7.804236571815084123e-01
-6.859132466725887944e-01
6.108000607272618954e-01
-6.356342498037026445e-02
1.420082638890027837e-01
-5.820714461829412656e-01
3.977384894878768229e-01
-6.614637286342039957e-03
-1.386654446939847851e-01
-7.126175662762381791e-01
4.045750747613650056e-01
1.991373745044668908e-01
-9.001887653696041269e-01
3.280926193632920373e-01
1.485125824969366626e-01
2.587103466606768265e-01
-8.347647667978796981e-02
1.022806905077511264e-01
-3.204208274894546626e-01
-6.521389708278866326e-01
-9.347180039230289506e-01
-3.640699450667124193e-01
-8.328277543800930438e-01
6.898659032038088057e-01
2.034636553425794858e-02
3.827413682623950208e-01
-2.124134216778639228e-02
6.595084723282329531e-01
9.250529088054324500e-01
-7.431990452772232469e-01
-2.035864836892751217e-01
2.932737662814544066e-02
2.232082026670747510e-01
-8.566797828490499978e-01
-4.234560643469469365e-01
-9.763925083097733104e-01
2.188184441387985846e-01
9.735645212476011778e-01
6.748881717614374498e-01
-9.297820901446818276e-01
-1.994541210391380659e-01
-5.769367686978783549e-01
5.522059535732948277e-02
-4.473622387847371318e-01
5.831290854131079282e-01
-1.902932391599696516e-01
7.416177956377607572e-01
-6.229841354560838873e-01
-2.380322620714636628e-01
5.182542440011901341e-01
6.102992002622762424e-01
5.485618236504528067e-01
-2.997447080712789536e-01
-5.233176552938545445e-01
-1.345150598476998471e-01
-6.474333445033464418e-01
9.244401977626388600e-01
-6.898213832570647686e-01
1.158192230378765064e-01
-4.098509901891906893e-01
-9.801119472393211574e-01
-3.003727764049832771e-01
3.839351457678350510e-01
3.501013206811656175e-01
7.469270938737591070e-01
2.830610956060202188e-01
-8.919931205325972723e-01
-2.229441174578163931e-01
3.673391797388880775e-02
1.086186386836218709e-01
1.359072199049546903e-01
-3.898383793017639043e-01
-3.832248220574876463e-01
-3.854760819251275006e-01
-5.972788920812353020e-01
-5.992275459732550047e-01
-9.098737892037462860e-01
9.590291773190280367e-01
6.427301776861025218e-01
-9.919404632085990769e-01
-5.100479166507685402e-01
-4.932453124210325335e-01
3.362388600360708413e-01
-3.900412460225539668e-01
-9.971242056118412300e-02
7.774151671796423191e-01
4.768492585856809463e-02
-7.445414950520337083e-01
4.408974299503072292e-01
2.356336298269161578e-01
8.760730887108247877e-02
9.827933477714443367e-01
-6.841047664243491422e-01
-6.882190574891442481e-01
-2.430637206722028321e-01
-7.379021033208377212e-02
-3.386169270631060879e-01
2.053608506760233876e-01
5.550751585365776286e-02
4.775750255476467476e-01
-6.968384579569733006e-01
3.577281599967840897e-02
8.942321323350432838e-01
-3.551272422565561193e-01
-9.436088384645118232e-01
-7.498751931860532238e-01
-2.996192434269218108e-01
8.491293646593345290e-01
3.973665989682397814e-01
5.773710356779957475e-01
-8.822208189706550741e-01
4.376928730077924712e-01
1.031369656331453388e-01
8.420796608245983972e-01
-6.672333503736100901e-01
-7.697419286757556378e-01
-9.186305628805073731e-01
-4.033790969424284611e-01
6.206023089885315258e-02
-2.625788014922094682e-01
9.360805007050174709e-01
-6.775681696480801985e-01
-7.276014876148473309e-01
-9.803785439301233584e-01
5.174927367448360904e-01
-8.042673337355488172e-02
-3.024230951322293137e-01
3.208820795325784125e-02
-8.443683102002816909e-01
2.845984345940635318e-01
3.553904147173434502e-01
9.667421137279379462e-01
8.375296625368882086e-01
-7.823792345560045547e-01
7.927038874629162013e-01
-2.664531710704542977e-01
-2.602624435926119695e-01
-8.283623363406071860e-01
1.346251130451399103e-01
8.579169982520820081e-01
-7.460510112555833739e-01
1.522841879567893297e-01
3.271761729218798376e-01
3.647368126034302716e-01
-8.873366991655911029e-01
-4.932605350216330287e-01
2.886085863009208996e-01
-1.661298226946514855e-01
-3.061640868265054216e-01
-1.484430949479940143e-01
-2.198161271285066221e-01
4.848375729546756663e-01
-2.453846433137085725e-01
1.895075011151128308e-01
-5.618658500530246958e-01
3.653082270043528368e-02
-5.535518249025175308e-01
1.117251534543652891e-01
5.727894464810658892e-01
5.569316103805115326e-01
-6.531324085396081891e-01
