-9.439905704904827388e-03
-8.280276070261094468e-02
-6.655553317194868868e-01
7.675563534583804692e-01
1.670947828734243856e-01
5.187469844913090711e-01
-5.192187964856633808e-01
4.433753528106387787e-01
3.902155274298473309e-01
5.484543046130549993e-01
-6.288617317998499434e-01
8.988283212454546423e-01
-8.760038996419394763e-02
-8.392834769848762644e-01
-8.930014492901232614e-01
-1.772761511042486582e-01
-9.874274968570573296e-01
-6.422353969689953423e-01
-1.564562198129448856e-01
-4.105173380277815642e-01
8.553361447815195362e-01
2.708603616640590239e-01
-9.489251032817458409e-01
-4.777851540774371575e-01
-4.490787436920815612e-01
-6.620787715043428001e-01
9.079138763374805521e-02
4.077808904823823077e-01
-4.232618896452107204e-01
-8.800241219720028596e-02
-8.824747349089507864e-01
1.293123793454091786e-01
3.537717081911093686e-01
3.986238527557079969e-01
2.749686716662091968e-01
-1.134763217500232013e-01
8.303180697769501073e-01
-6.268290366573470163e-01
-7.788793140152021621e-01
-4.774657341337862348e-01
-1.935296388058080908e-01
4.018892460782526044e-01
-9.885455262713138680e-01
-3.823894588965583985e-01
-6.216593142119468673e-01
-1.788607709148486435e-01
5.869055787052033235e-01
5.748233896070256144e-01
-8.613526268193856250e-01
3.082458648004076096e-01
6.727620620573124821e-01
-4.628965051785383089e-02
-6.356527384615955345e-01
3.206954914445439009e-01
8.686832399603616750e-01
1.139916162032035274e-01
-4.738349625086377692e-01
4.565217865821535881e-02
7.073891815131354566e-01
6.385580900579979069e-01
2.539887046878097632e-01
4.831488547026958624e-01
-9.362988339205016164e-01
-7.255027562378091321e-01
-9.779255818226721964e-01
-9.921873033887873561e-02
-2.066281662753133297e-02
-9.650636129826062337e-01
6.394590247580207443e-01
9.448860187594476656e-02
4.629351604740303827e-01
9.319976395979117090e-01
5.287692940392259011e-01
4.937429613433206299e-01
2.764648486236167546e-01
4.998179718500495028e-02
5.356871197007249119e-01
5.652886286849450048e-01
-4.029189706987130748e-01
6.096056078386600241e-01
-7.016386359005706286e-01
8.316515873628025357e-01
2.763300307841820569e-01
9.807205435018895301e-01
1.787956408978164102e-01
1.070560933290676253e-02
-7.683325935172624632e-01
-7.793343997392598865e-01
7.454131328755249086e-01
4.055498420467738008e-01
5.700831013686817883e-01
3.192562703530632540e-02
8.765942503995449719e-02
2.942277727158748579e-01
-8.143654897025618400e-01
9.171316144222640965e-02
-9.200368747248852674e-01
1.132904753126677821e-01
2.115256354536878547e-01
5.536541246134973893e-01
9.493329101921690327e-01
1.301691284500061663e-02
9.929873269173632444e-01
8.415173450906900943e-01
-3.599950903795416934e-01
-2.434687373536936761e-01
-5.185638874724114444e-01
-9.325661623581718018e-01
-1.109372010741334069e-01
3.141582289384503568e-02
3.780201140419161554e-01
8.709820687774616488e-01
7.645078307921937544e-01
1.856097652411334842e-01
-8.355676971449632617e-02
8.299583782519075470e-01
-2.252764450607704916e-01
-7.622285683990377425e-01
-5.148839909413727156e-01
-5.559292516390128558e-01
-4.486962659383644247e-01
-4.561059103365114886e-01
-5.134857787894133718e-01
1.100621267739727571e-01
-1.492741276089890601e-01
-8.927823728834605177e-02
-5.164951988916743897e-01
7.875766200502467562e-01
6.428209011672338935e-01
1.317529758180340238e-01
-2.272764003213927353e-01
-1.197090481164755360e-01
-1.824027926416738055e-01
9.011286879554067930e-01
4.122368582232025513e-01
3.278323539478273929e-01
3.057793759490425867e-01
2.516442017711812973e-01
-9.088999980716314653e-01
6.990912932289239379e-02
4.947595690459383189e-01
9.074854648584040895e-02
-1.648380129957818241e-01
3.721244521792437254e-01
-5.440678010651622820e-01
2.650304366446107895e-01
-1.521748456329756749e-01
1.497930212462119659e-01
6.687527999931568434e-01
2.945746314767812013e-01
8.391885842116313388e-01
2.541345062760456130e-01
-4.727753427912591011e-01
-1.739568432189049219e-01
-9.300179781142550173e-01
-2.099104065895975868e-01
-8.916761603136791337e-02
-2.579621050991818265e-01
9.219169146725831876e-01
-7.597214462977097682e-02
-4.235680939389667721e-01
5.745258199099110286e-01
6.468985386385845970e-01
-2.450278764937017240e-01
5.750086238311633569e-01
3.874483861660662498e-01
3.318231118606682628e-01
-6.921770833637042042e-01
-4.898413234017160445e-01
-6.770404796476525711e-01
3.712303262970209072e-01
2.711249980603418486e-01
-1.161845154753446963e-01
1.273290720954873834e-01
4.082516718446991266e-01
-8.567836908783694749e-01
-5.895450228573950735e-01
-9.945261387055970292e-01
-4.420820111994863133e-01
-4.032488884921929806e-01
-2.550834957249441537e-01
9.204439610497996416e-01
-5.687529433716753680e-02
4.522246875472064609e-01
-4.209095805607894203e-01
8.190172384094385194e-02
4.064770667432207052e-01
-7.519576024309650997e-01
-4.031253711781861426e-01
-4.194828974552162748e-01
-7.706386358849481866e-01
2.017494692207533191e-01
1.445050077426659474e-01
3.623188682387481485e-01
-7.376468423072239933e-01
-5.202279361621544584e-01
1.399992650164880725e-01
-9.040805908010669523e-01
-4.915045129524528988e-01
-5.637191991169312466e-01
-8.061787886579505624e-01
-7.944645940813648277e-01
5.701560198039823391e-01
-4.553703360367999942e-01
4.136783853718568604e-01
6.171041110653958661e-01
-7.163986788588121435e-01
9.028350895911749774e-01
7.468633804184157121e-01
2.558345762339320206e-01
-2.695473379274953007e-01
-3.400236150146902503e-01
-1.348731775859259852e-01
6.376508985873337032e-01
8.919132203257538194e-01
-7.725174291674856697e-01
-8.712374984574715597e-01
2.015217947310308233e-01
5.144918576058101767e-01
-1.355171460043178566e-01
-2.474956996633381756e-02
-6.029884000403002986e-01
2.852613335015476981e-01
-3.510523087107888518e-01
8.420483064355424041e-01
-5.839260870163149875e-01
-9.951401162402584433e-01
8.352698152163426926e-01
9.582276239711151611e-02
-3.950776945751637292e-01
-1.951365197019305775e-02
2.625217165806410513e-01
-4.484432327524003892e-01
9.507688990618274882e-01
9.834390868057680812e-01
-5.776920609409437191e-01
-7.302278821298719969e-01
4.984928291382024756e-01
1.499526914944089295e-01
-6.695648144230672560e-01
6.945095830493297484e-03
2.486587588408495364e-01
-7.374702810835775946e-01
-4.774443181179448548e-01
-7.641105875876275100e-02
-7.413874039545376160e-01
-2.592735174131166609e-01
6.917933932552247089e-01
-8.518899027149227088e-01
7.887942578231130764e-01
-9.220776457670794013e-01
7.848294871512271342e-01
3.929445434899383471e-01
-3.512135981982966726e-02
-8.955931754779653531e-01
-4.687559521078490388e-01
2.625476727165261259e-01
2.007465453486083629e-01
9.187018627153689110e-01
-5.029642810899876970e-01
-1.870634871911081021e-02
6.196504109987532871e-01
1.404625819882987514e-02
-5.886999174790397138e-01
-9.786572863120075461e-01
