8.296270189108436721e-01
-7.467385805429143097e-01
-1.462190876957447649e-01
-8.038802839503289555e-02
-2.543926529169642237e-01
9.473847740612650892e-01
1.437130001590045669e-01
3.281099823191424569e-02
-1.200311042961326180e-01
-1.250641256683526770e-01
9.019949111540044306e-01
5.983180980160158757e-01
2.951280839134871048e-01
-6.752145365536184052e-01
1.890398411569542692e-01
-7.443275175584977976e-01
-2.980906196589498958e-01
-9.539344124300352945e-01
4.103546021456108139e-01
9.549134396157401561e-01
2.756755264429504582e-01
1.395496968955611816e-01
-4.991792443267444312e-01
-1.152378101641848840e-01
-7.114697712465423152e-02
-1.540219867919865315e-01
-4.611696634467827849e-01
-5.612690545139691345e-01
5.013471787044874173e-01
9.049131576927038623e-01
6.425207912126769116e-01
2.430817013344686028e-01
-9.441884096484423061e-01
-3.955054591407478615e-01
6.799907687918971266e-01
9.454335556928390449e-01
9.570228274575276473e-02
1.378389337910392864e-01
3.727511058831740609e-01
-5.057446291098137703e-01
4.242521890555484010e-01
-2.699186426109756454e-01
6.941193732419270734e-01
-7.655173678082216604e-02
3.267923481202728020e-01
1.121898866831443353e-01
6.938290833719507056e-02
-7.825615572783428675e-02
9.044090350851379245e-01
5.096044594294404373e-01
-1.603590680698068205e-01
1.075343317609567251e-02
7.956924475087121529e-01
4.940374936191873623e-01
3.061396577971426947e-01
9.176793752139262850e-01
-7.656630958221180006e-01
1.959986606458039571e-01
2.484532821369980216e-01
-9.075929090151313439e-02
9.263946971581160650e-01
9.349442546520656538e-01
-2.188749394931419623e-01
2.325846395117929788e-01
5.314465718173491116e-01
3.922266176211981481e-01
-2.745117856074317242e-01
5.964311146291985111e-01
-3.024027173881056463e-01
-7.061888391759041372e-01
3.291393652012459814e-01
2.984847750350456685e-01
-1.829964600331925872e-01
-2.306897814573938277e-03
9.758552718466688702e-01
6.161337967610338584e-01
-1.860007455352796768e-01
8.234200822203359138e-01
1.406845586963345607e-01
-1.901560977221909976e-01
2.936871754286438652e-01
5.671561206829784929e-01
7.925668249209965044e-01
3.406094955435536864e-01
3.348218651342356189e-01
-1.983371139717324816e-01
-9.194524853518721841e-01
-9.054536966467963133e-02
-7.713840304213011034e-01
8.845505392114476617e-01
-2.750984233242794730e-01
2.100256132606492798e-01
4.663212061825297017e-01
-6.427380331210625908e-01
6.670253563645627271e-01
-3.487012567686653686e-01
-8.391023944782978194e-01
1.995424103767677870e-01
-1.953159031268998369e-01
8.382248019480225132e-01
-1.106419878441746718e-01
-8.111020385734011295e-01
-9.631196507130634910e-01
-9.392417624146436328e-01
-1.306888252500981729e-02
4.283275858634862931e-01
-8.974989651231524146e-01
-3.403562097877752546e-01
-4.318760854944825311e-02
7.951611967892135979e-01
9.411749393489474702e-01
7.501993996227922512e-01
2.777606979988402891e-01
1.501864523227620651e-01
-5.540972241626671568e-01
2.245362449823402606e-01
-6.681214372220956044e-01
-3.936009290669710836e-01
6.603902189631463138e-01
1.362512200781154093e-01
4.524042976762174817e-01
-6.924094613379638830e-02
-4.412239181118093878e-01
7.387864791866372016e-03
1.463589573945920375e-01
-5.165175592648039160e-01
6.908545698489934050e-01
9.623015791374425199e-01
-6.375865504931901295e-01
-5.156724968683696897e-01
6.227335579518613606e-01
4.436800870983657052e-01
-5.500761239302349725e-01
1.719350139563275981e-01
-5.237101853201722168e-01
7.256580183772263215e-01
1.748829365302904115e-01
2.163941954313242100e-02
-6.767404377228265488e-01
-1.885207628142560043e-01
-5.410257369672422101e-02
-2.764322511943768657e-01
-6.402365464435089137e-01
-6.036664437259569027e-01
4.004422963732623408e-01
8.499063131540869342e-01
6.879112941695320060e-01
2.304046453033887776e-01
5.820007582643509370e-01
-7.328047168601656836e-01
-5.800439567376147743e-01
4.074663999276180171e-01
-9.971009698336184002e-01
-8.321580967832253872e-01
5.576296841884689215e-01
-6.061389782851704933e-01
-6.302283365580547692e-01
-2.091073748939835664e-01
6.736452582740015682e-01
-9.791976308884802194e-01
7.549583482121025035e-01
-3.902970398116898387e-01
1.420571113384767603e-01
-5.480028122005764502e-02
-7.565966982226337567e-01
9.166532525831947442e-01
-6.483030595944110352e-01
6.098789554806205437e-01
7.579129751075075472e-01
-9.215489163440482301e-02
9.203685915581938382e-01
-8.742385019819907122e-01
-7.044288088371479795e-01
-3.249420914427636475e-02
-8.505765659832782433e-01
6.156028642749891144e-01
5.315546255510472662e-02
5.977605624847921462e-01
-4.270343495044490734e-01
-9.455644853866194133e-01
7.806477332158501259e-01
-5.832037020057971866e-01
-1.660005910508359772e-01
-7.486857148060801492e-01
1.737032727623104567e-01
-7.212990634011640090e-02
-6.038650444563395947e-01
-9.217232510994382011e-01
-3.246242186536050234e-01
5.670511582858164257e-01
-6.920719894314857346e-01
-5.432418457647598675e-01
2.372637294371886529e-01
2.701485500734845946e-01
6.087372705236924197e-01
2.900856004372922570e-01
6.996262250901987834e-01
-6.892358688408923850e-01
8.440744760982255013e-01
-9.423644345523811694e-01
-7.620425779709933956e-01
-7.927666697947870489e-01
5.500510643668266031e-01
9.242546710040100422e-03
8.428220577806286862e-01
9.497237348195266549e-01
9.044814961791676211e-01
2.282560785960985328e-01
-2.973073850385872241e-01
9.142700347856389520e-01
4.651670417654121259e-01
-6.079932256007660740e-01
1.062742585087164127e-01
-9.593179709865216065e-01
-9.650630006125033855e-01
2.776114962937832331e-01
4.387638728859615256e-01
7.221947840486671044e-01
5.064515627600090220e-01
-7.262171660086007563e-01
4.759746416396293256e-01
9.624044510303608746e-01
3.536482804720633144e-01
-3.874348606651945026e-02
-4.101470366557884439e-01
-8.725941048485084117e-01
2.507306359784287064e-01
9.235965421657672536e-01
-7.702635227604885948e-01
6.417231573163837410e-01
7.954690328646971675e-01
-2.954983876630568052e-01
6.917059378666383651e-01
-6.884628541988178085e-01
-3.986877236353023601e-01
1.328847509381407832e-01
7.590049642621516934e-01
7.150958670784079985e-02
-8.213822246773339053e-01
8.597943667873462203e-01
1.431942690322220990e-01
5.578310749764732179e-01
-5.404271214448452820e-01
-3.304085733156119087e-01
-8.195840585968503511e-01
-6.264953215820083798e-01
-1.258874206242490690e-01
-1.779008559960806313e-01
3.135554945089009671e-01
6.671632821981927641e-01
-3.316660459459273014e-01
8.510072007393034710e-01
3.062980705536939574e-01
-3.103211235361345022e-01
-6.304503153707414764e-01
9.120064693329781313e-01
3.135510662617591038e-01
-9.140720199755716369e-01
3.692031644530409107e-01
-2.440783061849420843e-01
-1.578779851501350695e-01
5.311078092084551283e-01
-5.537155921238525735e-01
-4.633891937825032059e-01
8.055138142673912149e-02
