-8.171875234819607758e-01
-2.141219163266809833e-01
-4.059863848038847145e-01
9.274944034672258919e-01
-3.822630070110279998e-01
-5.229053338101414816e-01
-2.381650656199891802e-01
5.312548159487600063e-01
-2.856583903296039395e-01
8.645508647130029090e-01
-3.004471388917318020e-01
7.145931638321156854e-01
9.698693630069012972e-01
-7.197781941794154648e-01
2.012944811732957362e-01
6.568813890765001773e-02
5.820856461492143197e-01
1.130362100057924479e-02
-9.209766943507193826e-01
5.121702469145084091e-01
3.088746247618510132e-01
4.335030553653360652e-01
-8.154960832985369557e-01
9.518538085018619643e-01
-6.425627856930826720e-01
-4.348070043890617242e-01
-6.002519403034534129e-02
-9.582359155699826658e-04
-3.296568565526278860e-01
6.937406150193712318e-01
-2.189125588021303415e-01
5.803183671957738987e-01
7.031683511455382174e-01
-4.240332834005962059e-01
-7.942375652406217235e-01
9.946036866001577437e-01
3.182545109859298282e-01
-4.905918486221905184e-02
-4.977076077300308654e-01
5.579286687515232490e-01
6.250085775324865089e-02
-7.108039639258492137e-01
8.749634186070243125e-01
7.500246059006956401e-01
-8.385114562764608426e-01
-2.420289023217057078e-01
3.202027349158633740e-01
6.276021805631692985e-01
7.870454546199723289e-01
-1.961250878770217643e-01
-8.569157656347872187e-01
6.345312082133078846e-01
1.362323771265152583e-01
-9.063041295510401163e-01
-1.674839503835223731e-01
5.630885734174011503e-01
2.760947564948643684e-01
3.137550657572105717e-01
9.296315766318601348e-01
5.475911275022313784e-01
6.889687275115752296e-01
-7.530555708765773737e-02
4.444176778771178338e-01
3.296783952658703942e-01
9.104826040942999299e-01
7.638499328633017171e-01
6.625813978983385866e-01
-5.574370364998124661e-01
-4.557093088644721401e-01
-1.099316586790775041e-01
3.997493624093946263e-01
4.430204970319733260e-01
-1.466202049987641587e-02
-7.613657226225809538e-01
9.360244895604561410e-01
3.179890161551095495e-01
9.240127599465552954e-01
-3.049387792645275042e-01
3.869722524375651673e-01
-3.782447021350729965e-01
7.028932892412791400e-01
-8.212788666191654929e-01
-6.801872110857085652e-01
-9.802653170431510077e-01
7.112968631503224781e-01
8.852832870132849585e-01
1.067959122763926239e-01
9.977150358954456344e-01
8.054909375294820872e-01
-2.100122154689281206e-01
1.643030817157240531e-01
-3.568487370729203079e-01
5.189640257602823326e-01
7.083065636931882292e-01
-1.012099598045392845e-01
-1.543993616400762825e-02
1.351855205258025716e-01
8.154911744416759589e-02
-1.094654492469857576e-01
6.475435466897616621e-02
-2.287320253684501647e-01
-1.803637595349303346e-01
-6.592391319955872575e-01
8.911489192568453621e-01
-1.899204026616587715e-01
3.233918619924833759e-01
-2.626735786995342270e-01
-5.960231724729114777e-01
8.583565026351664962e-01
3.146172556788315866e-01
6.691707564489723925e-01
1.364500677175306542e-01
-5.695269530575557404e-01
-8.203138876301527826e-01
7.135906699698917333e-01
-6.758823105697047140e-01
6.491202063961560853e-01
-1.484668614097794936e-02
-3.178213015333026803e-01
-1.985246181243709440e-01
7.118742624247207385e-01
8.693312856916377562e-01
-3.405415857291680393e-01
3.103444897380940315e-01
-3.093067142034693351e-01
2.141602260441204386e-01
-3.718834161651456416e-01
7.749050483780666188e-01
-9.083019541634085314e-01
-3.849169094833859717e-02
-2.645604980711662169e-01
4.913604398384294747e-01
-7.877352138273152615e-01
-8.126659778060734141e-01
-1.540188738347878505e-01
3.940781701155120498e-01
-8.143430337117885109e-01
1.240869185228254956e-01
-2.661845343396047614e-01
4.795479735694885282e-01
9.376896656578603828e-01
-7.615444306487733073e-01
8.093905342094571687e-01
-5.391160420601912584e-01
9.119679071968520567e-01
5.916899739939887048e-01
7.453396847484006216e-02
-8.080166671677699863e-01
-5.454131347650932327e-01
2.339874924438154480e-01
5.546959086140332840e-01
4.622009071990937912e-01
1.932866873128142871e-01
8.333083583659655069e-01
-2.377133827536059840e-02
-8.449767002776811253e-01
-3.889328874388966462e-01
-5.198833870437724602e-01
7.684314655433270858e-01
6.638916744014915494e-01
3.219766884946984042e-01
-4.319328747749284769e-01
6.554152370572781106e-01
-6.343535966461986142e-01
7.588557900228725117e-01
-2.568906746186101486e-01
-4.472416799828176082e-01
-1.662946136261493901e-01
6.452038780244273575e-01
4.354212679752427206e-01
7.503316825917212274e-01
-9.538306957127176133e-01
9.615733711845337872e-01
-2.095279207689613177e-01
9.203377444094793525e-01
4.882162191606194135e-01
4.959131431560903636e-03
-6.428228370909194744e-02
7.575688770618278500e-01
7.600629023346781032e-01
-2.226319600501813767e-01
8.950510647961213984e-01
9.872782273038553935e-01
3.191593442190836516e-01
-6.828350647701115772e-01
-2.676256534913892260e-01
-4.512681709916099848e-02
-9.882851532070822120e-01
1.742706729774157193e-01
-3.901435754176463266e-01
8.207424674318870572e-01
-3.959902868813554022e-01
-9.054690757813677049e-01
9.867515094171925849e-01
6.566866211275739218e-01
2.791748422882611713e-01
-7.043337963813955938e-02
-7.736794860137119478e-02
-2.358019377066848943e-01
2.473605084728043302e-01
-1.119768703665076082e-01
-9.537963778259503922e-01
5.701560198039823391e-01
-4.553703360367999942e-01
4.136783853718568604e-01
6.171041110653958661e-01
-7.163986788588121435e-01
9.028350895911749774e-01
7.468633804184157121e-01
2.558345762339320206e-01
-2.695473379274953007e-01
-3.400236150146902503e-01
-1.348731775859259852e-01
6.376508985873337032e-01
8.919132203257538194e-01
-7.725174291674856697e-01
-8.712374984574715597e-01
2.015217947310308233e-01
5.144918576058101767e-01
-1.355171460043178566e-01
-2.474956996633381756e-02
-6.029884000403002986e-01
2.852613335015476981e-01
-3.510523087107888518e-01
8.420483064355424041e-01
-5.839260870163149875e-01
-9.951401162402584433e-01
8.352698152163426926e-01
9.582276239711151611e-02
-3.950776945751637292e-01
-1.951365197019305775e-02
2.625217165806410513e-01
-4.484432327524003892e-01
4.531196402842743165e-01
-9.492727750803466868e-01
-1.711829677619889356e-01
5.109426982875309164e-01
6.791478092713782999e-01
-4.762987729899812450e-01
-8.285822185848930044e-01
6.266592606637675367e-01
-5.033008410717185743e-01
4.179665798528160447e-01
6.257282173173404072e-01
3.010631057410144695e-01
-9.124343197467386091e-01
-5.211638107842286871e-01
-6.154218752847975260e-01
-1.522520074752029551e-01
7.527126031180242371e-01
-3.992715513630336055e-01
-9.723395745426801628e-01
9.833234790720219998e-01
2.492456275178345226e-01
-4.552987666257939381e-01
4.696905351206115409e-01
-2.755915493682741246e-01
7.339720246469965126e-01
6.677175869679179421e-01
4.236789017593884932e-01
-5.036727950925639075e-01
6.674598567357461487e-01
4.298023107515804853e-01
2.662083929397374149e-03
-2.380132659240499216e-01
