9.120685437784987748e-01
8.956549741186987657e-01
0.000000000000000000e+00
-8.302560096821567370e-01
0.000000000000000000e+00
0.000000000000000000e+00
3.394608028804417810e-01
-3.837270848217115837e-01
2.118883313569248639e-01
0.000000000000000000e+00
1.624080342240061814e-01
0.000000000000000000e+00
0.000000000000000000e+00
-2.129363595892572736e-01
4.460241624749317069e-01
0.000000000000000000e+00
8.987909461864871385e-01
8.835409485864165191e-02
-1.102916225482928336e-01
-4.635185167013438079e-01
0.000000000000000000e+00
0.000000000000000000e+00
0.000000000000000000e+00
-3.630697442926451579e-01
0.000000000000000000e+00
7.835789156565748925e-01
5.150553829205661849e-02
1.210207220529977423e-01
-5.277531857698758433e-01
-9.522838417184356086e-01
0.000000000000000000e+00
-7.266052140270666815e-01
2.044769167440230184e-02
1.000000000000000000e+00
0.000000000000000000e+00
-6.363130063537112413e-01
7.871430731659769808e-01
0.000000000000000000e+00
4.688033837879554966e-01
0.000000000000000000e+00
5.257709676661419529e-01
5.794952749235264822e-01
-2.924260443167929768e-01
0.000000000000000000e+00
9.238018757964514549e-01
0.000000000000000000e+00
5.080081433037442196e-01
4.303017964749069613e-01
0.000000000000000000e+00
6.071143224689001805e-02
-1.997215629961734962e-02
8.496641441891406021e-01
1.682125261309730391e-03
1.000000000000000000e+00
-2.921515902625682060e-01
7.657018371625061715e-01
1.000000000000000000e+00
-7.797567023672469233e-02
1.354101408404886353e-01
8.406608783838576127e-01
4.475459077440366862e-01
0.000000000000000000e+00
-5.563779780179782808e-01
0.000000000000000000e+00
3.991432761404871687e-01
-6.678606290117476973e-01
8.158809932521891017e-01
-4.637249742003672903e-01
8.227556717360935412e-01
-3.808737501010786008e-01
1.000000000000000000e+00
0.000000000000000000e+00
8.497633966635165237e-03
3.549551229710412592e-02
3.028287979335815283e-01
1.758894235889691959e-01
1.000000000000000000e+00
-5.843630509241455329e-01
0.000000000000000000e+00
8.683087182675572890e-01
2.465301734517446608e-01
-8.492492618519091874e-01
0.000000000000000000e+00
4.518985749545962882e-01
8.153072419026416995e-01
-6.171945333917649990e-01
4.895654485547082935e-01
-8.824822072026885511e-01
3.058198548690993501e-01
0.000000000000000000e+00
-5.467669415104738917e-01
7.509823428964756964e-01
-7.874680347089502153e-01
4.472533071785989023e-02
0.000000000000000000e+00
0.000000000000000000e+00
0.000000000000000000e+00
0.000000000000000000e+00
-1.541647032206079349e-01
4.339221978099505606e-01
-9.362538597465097645e-01
0.000000000000000000e+00
1.000000000000000000e+00
3.455308828270835519e-01
-8.341936451908489314e-01
9.091243306914953415e-01
-9.493105703461979239e-01
4.588470148836081286e-01
-9.577102605536986779e-01
-4.886198918851147877e-01
6.267087748045516715e-01
0.000000000000000000e+00
0.000000000000000000e+00
3.829908520271814165e-01
1.000000000000000000e+00
0.000000000000000000e+00
0.000000000000000000e+00
0.000000000000000000e+00
-9.274620115131719800e-01
-3.115979889264106628e-01
2.304789666497151224e-01
4.849192462515592439e-01
-7.737701939638461646e-01
-3.255724536067094999e-01
0.000000000000000000e+00
0.000000000000000000e+00
0.000000000000000000e+00
0.000000000000000000e+00
8.040403167000735873e-01
5.113243073501285707e-01
0.000000000000000000e+00
4.106902801015310800e-01
0.000000000000000000e+00
-5.489448593042247637e-01
0.000000000000000000e+00
0.000000000000000000e+00
0.000000000000000000e+00
-1.043562771616977081e-01
7.495260826959346812e-01
-7.449270707624242593e-01
0.000000000000000000e+00
-2.140948997896652273e-01
0.000000000000000000e+00
-7.123410720461120782e-01
9.194623729743216511e-01
0.000000000000000000e+00
2.121558781070054245e-01
-1.604889086885061822e-01
0.000000000000000000e+00
1.159002476781598734e-01
-7.188612420773314859e-01
-8.864380083536071986e-01
0.000000000000000000e+00
0.000000000000000000e+00
0.000000000000000000e+00
2.701513950773337669e-01
1.651836807128725937e-02
9.669321880950554338e-01
1.000000000000000000e+00
9.890504665190062994e-01
-5.350523186643798557e-01
0.000000000000000000e+00
1.000000000000000000e+00
1.824746910959960111e-01
2.483281015095646360e-01
6.004149112687926504e-01
4.189966076586992827e-01
0.000000000000000000e+00
0.000000000000000000e+00
5.237988756116918054e-02
-9.903504378927432406e-01
-9.290011765844707892e-01
-1.825471645558514044e-01
0.000000000000000000e+00
4.475393457386098728e-01
-5.182689711166734714e-01
0.000000000000000000e+00
-6.364798433991494253e-01
-5.369491412457183532e-01
-5.652927305632815536e-01
4.147272809579494179e-02
0.000000000000000000e+00
-3.805478582451740088e-01
0.000000000000000000e+00
0.000000000000000000e+00
8.131253534633648972e-01
0.000000000000000000e+00
0.000000000000000000e+00
-1.325322624206699551e-01
0.000000000000000000e+00
1.000000000000000000e+00
0.000000000000000000e+00
0.000000000000000000e+00
5.012906463952360170e-02
0.000000000000000000e+00
-8.124264230833633249e-01
0.000000000000000000e+00
-2.676320669132041807e-01
3.841938019797108694e-02
8.429006951837385575e-01
0.000000000000000000e+00
0.000000000000000000e+00
0.000000000000000000e+00
-2.555465801317318153e-01
-9.618897903807908101e-01
0.000000000000000000e+00
-7.976762487736863694e-01
0.000000000000000000e+00
0.000000000000000000e+00
3.451435092895320800e-01
1.000000000000000000e+00
0.000000000000000000e+00
-1.786512488529861109e-01
-2.827411199599771940e-02
0.000000000000000000e+00
1.774901243084165969e-01
0.000000000000000000e+00
-4.312812980392282114e-01
-2.541957899060640624e-01
1.000000000000000000e+00
0.000000000000000000e+00
0.000000000000000000e+00
-6.152817440663522763e-01
1.000000000000000000e+00
-2.164380592715045015e-01
-7.355123550198516824e-02
5.071610114714366624e-01
-2.099148796842742470e-01
-7.565410397326608472e-01
0.000000000000000000e+00
0.000000000000000000e+00
0.000000000000000000e+00
2.819831876621301525e-01
9.193371267916243816e-01
3.853050933092991848e-01
-9.506624546917978869e-01
3.183193276878368838e-01
5.544238692995973050e-01
1.000000000000000000e+00
0.000000000000000000e+00
-2.848307645380563358e-01
1.000000000000000000e+00
5.974441673593595681e-01
-4.621150123446948754e-01
5.260748961260031109e-02
0.000000000000000000e+00
1.000000000000000000e+00
0.000000000000000000e+00
8.641077204364768782e-01
6.720111471447880458e-01
-4.064726621706513665e-01
0.000000000000000000e+00
1.000000000000000000e+00
0.000000000000000000e+00
-1.446923360881429144e-01
0.000000000000000000e+00
8.371604544566704220e-01
0.000000000000000000e+00
0.000000000000000000e+00
-8.081053782826683740e-01
-2.878855440596583826e-01
9.954960427472614448e-01
0.000000000000000000e+00
-1.664639130502225672e-01
0.000000000000000000e+00
