8.063694503900697974e-01
8.455800338317129849e-01
-1.789987847470511095e-01
-2.369291996972096026e-01
3.216723423161260698e-03
5.175429950963961190e-01
-8.447191094035353398e-01
-5.323270730820004459e-01
-4.752515842038074201e-01
-5.689629429742413258e-01
-6.330668277427728974e-01
-4.613863632615271548e-01
-4.711751054345323375e-01
-9.251128915257733620e-01
5.111800490913949169e-01
5.998348020612054299e-02
7.874365379517556107e-01
8.036083101370796733e-01
6.475362853064114965e-01
-1.268229002466592092e-01
6.317641418499595485e-01
-2.608826235396393134e-01
-6.835403535795494534e-01
5.966966904681445527e-01
5.386623680161448657e-01
-2.150192533942334450e-01
-2.050346465599128809e-01
2.580843157958656597e-01
8.394339006915196855e-02
-3.553953128926197191e-01
-7.635833210918610003e-01
-1.154981241931134495e-01
-3.103436000148271923e-01
-6.716104414491583796e-01
2.508530531931716379e-01
1.804169360618550488e-01
-9.624727774279107084e-01
-1.671357861717794879e-01
-5.776119317664685227e-02
3.100867426602986754e-01
2.824055640318849925e-01
4.208837708249624221e-02
-4.150147485465931485e-01
4.442515165434062219e-01
3.744608012454737622e-01
-9.074318255423647894e-01
6.257426554935354712e-01
-7.489219109109312988e-02
4.207465467706741347e-01
-3.324952825371223497e-01
8.597018838235976901e-01
-4.684819873526824274e-01
3.814259342559627175e-01
-8.855604091387876409e-01
-8.404853302745489696e-01
7.153415658139739008e-02
-5.847125741121139697e-01
-1.483385125706815355e-01
-8.172632744320116327e-01
-9.212937785490880049e-01
3.856407608446255075e-01
1.770799374671667703e-01
-7.109004164733756514e-01
-7.798568012057938148e-02
3.664404860766701244e-01
1.640993452600325586e-01
-4.839782795169964569e-01
5.227843316404792162e-01
4.224210843545057603e-01
-4.918049692446688770e-01
-5.803680952033585250e-01
7.652028110307722564e-01
-8.426244043593189570e-01
-2.631466628778029726e-01
-9.413022065995029219e-01
-5.966372428194059996e-01
1.622432148409638231e-01
4.158375119821451360e-01
-1.825050077711212193e-01
-4.234557916980894454e-01
-9.124067546611993595e-01
6.373947568894067217e-02
1.360388015618563262e-01
-9.334524279183411544e-01
-1.089041194577202720e-01
4.643994184772144429e-01
-1.066927372729515877e-01
-2.064087633103874886e-01
-2.650481618661120198e-01
5.865564652174251048e-01
-7.722940978735697293e-01
-3.675625778293190038e-01
-1.857539431491865844e-01
-3.588614233441631551e-01
-7.728038437560544871e-01
-4.005832343684496699e-01
6.798226294650431267e-01
-9.006524424297230880e-01
5.894699911782130819e-02
3.049380822850320527e-01
-1.856074495265096491e-01
2.661216432421591449e-01
-5.274207692773931200e-01
7.822458078934562131e-01
7.038652846012427577e-01
3.113876686044516617e-01
-1.645979403725730261e-01
5.367933552059422908e-01
-5.261563172251519926e-01
-8.727440952183018741e-01
-4.784605689837124753e-01
7.280238754944488022e-01
-3.389439939698366544e-01
-8.789700393803459022e-01
6.799556112221056825e-01
5.785008453280560126e-01
-1.859462218712133463e-01
7.176986318561890954e-01
7.958766321247539022e-01
-8.277432439175105294e-01
8.446675569467083644e-01
-9.695441629724530497e-01
9.814716298341492617e-01
1.150621840110119809e-01
-6.780109363645649978e-01
2.481963048822795059e-01
-1.868461010090192165e-01
9.124377912711825189e-01
8.847137433770657644e-01
-5.524796230728648005e-01
-7.857956194952453455e-01
-9.234115595796659193e-01
2.439937466658608223e-01
-9.411343446203466190e-01
7.044609917012036870e-01
1.911638821564831670e-01
6.780456641699921239e-01
3.283724839692567787e-01
-9.805103126040464190e-01
-2.932197350765275434e-01
-2.504802229544236258e-01
2.955565139456750590e-01
1.929153545398731850e-01
-7.467874972525860855e-01
8.693888702179661809e-01
4.474193761987508289e-01
3.304866402517880886e-01
8.340299820392211849e-01
2.108605248213495376e-01
-2.976095207321449720e-03
-1.966792269131065751e-01
-7.377838198920350088e-02
9.097988456869929852e-01
4.986474873984567679e-01
3.210736766008825960e-01
3.638635207474234523e-01
-7.642630840497062206e-01
-6.090572953643282883e-01
4.816513380304376923e-02
4.282543101521030238e-01
-5.488839728750241065e-01
-1.984218558120192100e-01
-7.098150200964470358e-02
8.660971334481419870e-01
5.489011893858630753e-01
4.932093364271481484e-01
2.627217163417736590e-01
7.311092890426145186e-01
2.280726239237100827e-01
8.111617744992261070e-01
8.236067681384231509e-01
3.133256795061796218e-01
-7.376588633185869881e-01
3.816627550924618362e-01
1.615000398759716127e-01
-4.937538805094596750e-01
-5.102856387129062199e-01
7.774687981558294769e-01
-5.787867614058979093e-01
5.120075533592929329e-01
-3.334086455705012053e-01
-5.382537184605089564e-01
2.874306388416427716e-01
-8.513557234600011014e-02
3.042775609659211788e-01
-1.149787816961558296e-01
5.909869117318788945e-01
9.375364669149988117e-01
8.243343968436047664e-01
6.226282699820513411e-01
8.207424674318870572e-01
-3.959902868813554022e-01
-9.054690757813677049e-01
9.867515094171925849e-01
6.566866211275739218e-01
2.791748422882611713e-01
-7.043337963813955938e-02
-7.736794860137119478e-02
5.041511512054408506e-02
-4.193949836493227057e-01
8.111969733104469338e-01
-7.014047716849898251e-01
1.770055830637835559e-01
-9.271653569632236636e-01
8.351741882812948603e-01
-4.682525015136216329e-01
-5.986524596896254380e-01
5.626963338280788207e-01
-7.950090312255821967e-01
-2.904125492080278370e-01
-8.969271509648348850e-01
-3.732818684487753114e-01
-7.942621909754332687e-01
6.724300216013554543e-01
-5.763717344256600317e-01
-2.526516570075720836e-01
7.017143090201913846e-01
-8.576467492032373574e-01
3.813072689547520877e-01
-9.469162271466153857e-01
7.569015984373672623e-01
-6.717358229793306545e-01
6.805234607174384109e-01
-3.325648045494429272e-01
4.129427945080057505e-01
4.450569455665964735e-01
-2.009597540409926442e-01
-5.992208877198952344e-01
-1.277134124455381325e-02
1.793845498943651418e-01
-8.803408898152047524e-01
-8.667095828598847529e-01
5.744291640170449131e-01
-8.978851517358856782e-01
-6.103606660277758333e-01
-6.061038356409464978e-01
5.194575137426733491e-01
-9.747481386011755955e-01
3.538850235136665745e-01
-8.207581147050146964e-01
-6.476084480245152264e-01
-1.306544182577957791e-01
2.307355802446697801e-01
1.431727755541878366e-02
-5.153313304169215847e-01
4.018937490296194959e-01
-2.041530120786672065e-02
9.875670474648197139e-01
-5.830096210176107796e-01
-5.980858064393124174e-02
4.965366829836157514e-01
7.569501055338094808e-01
-3.776396466736731128e-01
6.127169841239574755e-01
-4.882699376640011746e-01
-5.932752983134899072e-01
3.481455786919052109e-01
9.755975334959039458e-01
6.703422040966098283e-01
-9.111665580970111922e-01
-1.480025611024822219e-01
5.307184710930701321e-01
5.470339292232604400e-01
6.289193956904017835e-01
-9.870812920624931763e-01
