0.000000000000000000e+00
0.000000000000000000e+00
-7.089741735897816532e-01
0.000000000000000000e+00
1.453358088617702215e-01
0.000000000000000000e+00
5.518200251752620744e-01
0.000000000000000000e+00
7.593805817780556744e-01
0.000000000000000000e+00
0.000000000000000000e+00
0.000000000000000000e+00
2.020294203552113199e-01
-4.478452795594769498e-01
0.000000000000000000e+00
-2.658525626389209862e-01
7.502658070516872169e-01
9.652788280718735958e-01
-1.478387816920982978e-01
0.000000000000000000e+00
-3.250373978868195124e-01
-9.389003531576534112e-01
0.000000000000000000e+00
6.078027188381107671e-02
3.412091303170110557e-01
9.565125461055770106e-01
0.000000000000000000e+00
-7.253830652660508971e-01
9.352232887281304308e-01
9.888242698431992661e-01
6.414178129708070220e-01
9.535970182387643046e-01
0.000000000000000000e+00
8.242745316393755850e-01
-3.019460316567166291e-01
3.297285687716984270e-01
-8.811615049907084440e-01
-9.918107101948203663e-01
0.000000000000000000e+00
-1.319634250940331377e-01
-7.412598865714248308e-01
2.426818137452328994e-01
-9.557477598280619269e-01
8.466308997562266292e-01
9.927202128193595154e-01
0.000000000000000000e+00
-2.482735782430038896e-01
-7.277084787804679600e-01
0.000000000000000000e+00
0.000000000000000000e+00
6.081449088604231612e-01
0.000000000000000000e+00
9.669307594285601049e-01
0.000000000000000000e+00
4.405756750260854115e-01
-7.937139576354874659e-01
6.787002901056153892e-01
-5.485142412610644058e-01
8.525715720625193228e-01
9.480257519601331673e-01
-7.378485415994116003e-01
-5.751379651134980175e-01
-5.624775076722365874e-02
0.000000000000000000e+00
-1.556645189308489829e-01
-5.692220453443632699e-01
-9.500883903591148538e-01
7.691545388041511888e-01
7.989003122037856564e-01
5.884550644474144665e-01
-1.224151195470490894e-01
-1.253456102007737272e-01
-3.361567048105185140e-01
-5.492332902008592033e-01
0.000000000000000000e+00
1.966973715420181623e-01
-9.702979934091060521e-02
0.000000000000000000e+00
-1.900170300084704778e-01
0.000000000000000000e+00
1.627455761243450372e-01
0.000000000000000000e+00
1.182876655614921724e-01
-1.113087085036168489e-01
6.140718490850938238e-02
2.619853530304803169e-01
1.996232169659171163e-01
-7.007335177862199505e-01
0.000000000000000000e+00
5.560240221869743316e-01
-8.052163343400140505e-01
-3.359467650816740925e-01
4.961121161997432694e-01
-7.365791707327116189e-01
8.373365589164025735e-01
2.687588189559426688e-01
6.295002906276812027e-01
-6.056203998919351683e-01
-8.032218319118586969e-01
1.978766493152976924e-01
5.438003819226493452e-01
-9.126958126831967721e-01
0.000000000000000000e+00
0.000000000000000000e+00
-5.503859751472628403e-01
0.000000000000000000e+00
8.040288269912798658e-01
0.000000000000000000e+00
-4.061625318782087213e-01
9.261510526370930751e-01
-9.881866760548514428e-01
5.928372260759329215e-01
-5.093972991650459470e-01
-5.916830525118939033e-01
0.000000000000000000e+00
0.000000000000000000e+00
6.730191329891737073e-01
0.000000000000000000e+00
2.717967258787974405e-01
3.657192092504961689e-01
0.000000000000000000e+00
-6.880671711600763185e-01
0.000000000000000000e+00
-3.247439582584228379e-01
4.461582676441868678e-01
-6.628785242535548683e-01
0.000000000000000000e+00
-7.498706822877696521e-01
-6.836705930894337868e-02
4.071917142122272182e-02
0.000000000000000000e+00
0.000000000000000000e+00
0.000000000000000000e+00
-2.961162656551126204e-01
0.000000000000000000e+00
-2.880254044413768089e-01
-2.692063811405724927e-01
-1.925038885513630227e-01
9.868893044910818091e-01
-9.763925083097733104e-01
2.188184441387985846e-01
9.735645212476011778e-01
0.000000000000000000e+00
-9.297820901446818276e-01
0.000000000000000000e+00
0.000000000000000000e+00
5.522059535732948277e-02
0.000000000000000000e+00
0.000000000000000000e+00
0.000000000000000000e+00
0.000000000000000000e+00
-6.229841354560838873e-01
-2.380322620714636628e-01
5.182542440011901341e-01
6.102992002622762424e-01
5.485618236504528067e-01
-2.997447080712789536e-01
-5.233176552938545445e-01
0.000000000000000000e+00
-6.474333445033464418e-01
0.000000000000000000e+00
-6.898213832570647686e-01
1.158192230378765064e-01
-4.098509901891906893e-01
-9.801119472393211574e-01
-3.003727764049832771e-01
3.839351457678350510e-01
3.501013206811656175e-01
0.000000000000000000e+00
2.830610956060202188e-01
-8.919931205325972723e-01
-2.229441174578163931e-01
3.673391797388880775e-02
1.086186386836218709e-01
0.000000000000000000e+00
-3.898383793017639043e-01
-3.832248220574876463e-01
-3.854760819251275006e-01
-5.972788920812353020e-01
5.565094590017660714e-02
-7.528054764258906850e-01
-6.898266286431573580e-01
0.000000000000000000e+00
8.026283534498666050e-01
0.000000000000000000e+00
5.147783300950559138e-02
9.134207043857844877e-01
9.175960804853178221e-01
9.373361100529742362e-01
-7.656325623712769701e-01
0.000000000000000000e+00
-1.503288419016479693e-02
6.605525389438082762e-01
3.445904683286562520e-01
-1.853465918512495758e-01
2.735317262704091146e-01
9.671259546946202601e-01
3.561794243778271252e-02
0.000000000000000000e+00
-1.704528238075866398e-01
8.228627042072944597e-02
-8.359707615885489940e-01
9.649122543073334057e-01
-1.262982720886567378e-01
4.634922835489201365e-01
-6.021178229079593436e-01
-9.456225091773449165e-01
-4.452564695857430532e-01
-7.667954973612711722e-01
-8.484337360399298866e-01
-9.756909615267708169e-01
3.727034852489896632e-01
2.420807587273949846e-01
0.000000000000000000e+00
-6.730725665209824626e-01
-1.900853873483310252e-02
0.000000000000000000e+00
7.772488833431621114e-01
3.558923051068099142e-01
0.000000000000000000e+00
-7.028464639097897759e-03
0.000000000000000000e+00
-8.370918309478325714e-01
-7.702010700312398317e-01
2.780692169859277918e-02
-9.528530687049183712e-01
-2.887123872657315626e-01
-2.084147585303479655e-01
7.476899160960286395e-01
0.000000000000000000e+00
-2.420474515862496290e-01
4.761257225044110974e-01
-9.360874436186581438e-01
-3.142469284960640596e-01
-1.882957075001359115e-01
-5.471161988891151129e-01
-7.786238362245492262e-01
-4.315303801470755651e-01
1.853620463709737543e-02
-3.424433930527253089e-01
6.191892585640170754e-01
-5.200727867876553390e-02
0.000000000000000000e+00
-6.083703583288628813e-01
-8.490153319516549058e-01
8.519997856250904888e-03
0.000000000000000000e+00
-1.512036425878020562e-01
-5.689470054938206012e-02
-3.220888800956305253e-01
1.675580222547867759e-01
-4.178494100897014452e-01
-7.519252082460423647e-01
6.033787693551668774e-01
2.075574375430000451e-02
9.139416816815668643e-01
-1.276284405468475214e-02
7.121633803411082653e-01
5.550969601575361789e-01
5.085008744375565382e-01
0.000000000000000000e+00
0.000000000000000000e+00
0.000000000000000000e+00
1.905026495904214023e-01
-1.400740563520710413e-01
