9.904799585578467624e-01
9.827811238008823391e-01
-1.921377968927744373e-01
8.736180406590605685e-01
-1.784445127051061952e-01
-9.139485277633567772e-01
-9.580961274994355126e-01
-1.625080017277507061e-01
8.327191151366730715e-01
-3.011108860258500108e-01
5.135891859840255869e-01
2.820516950982501214e-01
-1.812740109458941262e-01
-7.120418386032996150e-01
-7.502641306865034387e-01
-2.619418807723898901e-01
8.340464275163086416e-01
-9.888921344798760060e-01
5.091213746157170483e-01
9.040951999997757227e-01
-5.443420110519228139e-01
2.742679147092421665e-01
-7.848052490482031462e-01
-2.084079710683657272e-01
8.865585217968046106e-01
-8.261768251242342931e-01
-6.233050213009312390e-01
-6.886956394055312458e-01
-6.890196018806462597e-01
-5.512042297237609301e-01
9.133937657015376299e-01
2.180940595795863857e-01
2.428653094028843107e-02
6.108142989058273908e-01
3.164200277780386816e-01
9.497346640651742611e-01
-3.206387037986719868e-01
6.259087477555547174e-02
8.119117786338232445e-01
-3.802013060269950895e-01
8.422770126642822319e-01
-2.416795579559900542e-01
-9.282124684540571380e-02
-2.022295625441685729e-01
-7.624273081686230302e-01
-2.963467177201741798e-01
4.129723320713438728e-01
6.982331496406513072e-01
1.247161178325804087e-01
-8.827901305992642556e-01
1.717844639373189430e-01
3.022000119819361341e-01
2.395720557079521473e-01
-4.824485546550243420e-01
-8.779737181956561720e-01
5.423921030542433463e-02
-4.928760818620558926e-01
6.503713230081873409e-01
7.149246754023075301e-01
-8.681777438454281182e-01
5.256134867004469413e-01
-9.759111252879648646e-02
-1.407700638316444763e-01
-8.364234474698228894e-02
7.272196644004385035e-01
-8.140224619005300699e-01
8.838941623296041605e-01
8.373128300707846083e-01
-1.333405020220617132e-01
9.502381752860915576e-01
6.024651191026211272e-01
3.671485519576782597e-01
6.840004264995602767e-02
4.311233254614841304e-01
1.527244256563207170e-01
5.802121909940411992e-01
-5.269539444048660926e-01
-1.532041323746193839e-01
-4.663084253596967432e-01
-9.979758070789614965e-01
4.120419398799202160e-01
2.138452602916245393e-01
-5.207481958507913511e-01
6.258673688400857582e-01
4.550671549547469219e-01
5.288448213633336614e-01
1.713495250511118950e-01
-3.910612955422476666e-01
3.158420018594327860e-01
-4.869896970101410538e-01
6.749247508622135960e-02
6.269096040464947617e-01
1.893723520556411799e-02
7.260025706625006237e-01
6.485901485114484721e-01
-7.633234057993387722e-02
-2.166645737548964501e-01
-4.464466002849094561e-01
-6.789797438901423732e-02
-8.287727443217023371e-01
6.612847321146908541e-01
-5.105889189874899259e-01
-4.571585451632256270e-01
-6.359797046656445740e-01
-7.996520909413646905e-01
3.505674340755720042e-01
4.552314945956621450e-01
-5.647543405009614048e-02
-5.741216209600596976e-02
-3.443369004378828979e-01
9.381214683783238861e-01
-6.848899521411533353e-01
-1.037141086886528285e-01
1.762374649065066023e-01
2.591868364246250334e-01
8.500997618092549502e-01
9.454124584992418256e-02
5.192860604004978509e-01
-5.832795645190103073e-01
7.179105379168180256e-01
-9.246483265616949332e-01
-4.807821128504821129e-01
4.805602295792843481e-01
-5.720231584765103072e-01
3.615828782512220396e-01
6.132746500536625511e-01
6.991082086501332338e-01
4.003322733137442135e-01
-4.964788222387575001e-01
9.532995232639516203e-01
-9.954700758079457756e-01
2.112181404723054712e-01
4.539606753034464148e-02
-6.915962622246030200e-01
9.654010683099545354e-02
9.919740324580894608e-02
2.200365230611036615e-01
3.786070622807644614e-01
-7.351062163256236737e-01
5.131737458572498412e-01
4.434295973797568458e-01
-4.158601265685875070e-01
-5.451276199333328076e-01
3.380094811125022858e-01
1.993764431386422231e-01
-2.038368108208497009e-01
2.211503291157079776e-01
-8.554224327715040932e-01
-1.385912520956327221e-01
7.927306184042355319e-01
-7.554691865433138531e-01
7.482985827615591390e-01
-7.264389812321383477e-01
-1.283698411693849906e-01
7.107836695807485672e-01
-9.393080172172183495e-01
2.205102209007754333e-01
-8.193163626666917221e-01
5.940205738297750226e-01
5.290064785016643789e-01
5.888883188969955551e-01
9.547918753325901342e-02
1.983327757131492231e-01
-1.836416979465926858e-02
-7.012807687149222868e-01
-5.787912946019166949e-01
5.733400905145213944e-01
-6.132539686315665595e-01
-3.324539312363024024e-01
1.560363240503301885e-01
9.754251619907174931e-01
-2.030674869756239342e-01
-2.333903701516621965e-01
-3.079772374743126040e-01
3.066172096269403902e-02
5.066826318068207158e-03
-4.531369496208399461e-01
-6.052688620170996181e-01
-8.843474780183755435e-01
8.156564315136629606e-01
6.411278132011306585e-01
-9.849543181197994990e-02
-9.388881950465952642e-01
-1.770012829816343114e-01
7.888666019896750647e-01
-6.702525251611974877e-01
-3.075859247840351252e-01
-9.336945012317243719e-01
-6.597091353331452357e-01
-8.940911582123869383e-01
-3.746484619453493981e-01
4.588032939814306044e-01
4.106649507251280973e-01
7.345271048456925023e-02
-8.927104991537511136e-01
-5.611198747715051560e-02
-4.576118417557755169e-01
1.053248325380256034e-01
-5.343106723921753343e-01
-5.418983346012320457e-01
4.201450964279906941e-02
8.455449716069147748e-01
-7.428058579285856666e-03
1.623807011793325650e-01
3.367189881655257011e-01
-1.050102600852536039e-01
4.668028195961879678e-01
2.855712368931389022e-01
-9.239875110234374578e-01
9.578532867248741312e-01
-3.790265325374915228e-01
-8.209344000291489696e-01
-5.038958041400998233e-02
3.150254657877511466e-01
2.164982045667229738e-01
-2.910091685195759226e-01
9.271810338944985741e-01
2.475240889532279720e-01
9.933040826803221091e-01
-1.488825248552603231e-01
2.895870031834779645e-01
-8.015950180325361885e-01
7.161274830335617736e-02
2.928596080037149108e-01
-5.341874968535529344e-01
2.484992092068296632e-01
-7.354836454316602268e-01
-7.704256354062954948e-02
2.141434422605912324e-01
-4.038113311573199304e-02
-6.971965227178038571e-01
-6.196191686469740834e-01
-2.500647228544394807e-01
3.040882965206479494e-01
-1.340311476377611388e-01
-5.983636959741229777e-01
-3.241369971476422140e-01
-3.829270387126719744e-01
-7.247431986438714890e-01
1.780655422633972140e-01
-5.799930088232674308e-02
-3.489427428798799191e-01
-9.968120197931948923e-01
8.278213117784980479e-01
-9.093011020490926466e-01
-7.697523205424583459e-01
-4.124879083551791226e-01
5.786285168268374690e-01
8.730472103107227433e-01
5.182681563894004917e-01
-5.873676353338479483e-01
6.785451483271198736e-01
-9.350699778355822112e-01
-7.755137028284060374e-01
-7.764168915782108105e-01
1.266123494081361489e-01
1.872020576007973336e-01
2.534613685960951379e-01
8.961154971176605866e-01
5.045282077635979689e-01
4.875238988797712114e-01
-6.541440617427669579e-01
8.209248017475347936e-01
8.378819107996142712e-01
6.565789465088798238e-01
