8.092140722857568136e-01
0.000000000000000000e+00
0.000000000000000000e+00
0.000000000000000000e+00
0.000000000000000000e+00
3.234747645321507381e-01
2.422646533650123502e-01
0.000000000000000000e+00
7.424390236343159089e-02
0.000000000000000000e+00
0.000000000000000000e+00
-5.244810331190532526e-01
0.000000000000000000e+00
1.000000000000000000e+00
-7.866351855749689204e-01
-5.358620874919635124e-01
-3.112454547439977848e-01
-2.126627561711829095e-01
1.265467869798471146e-01
4.935173662181504550e-01
-4.818541652977403889e-01
1.093748396722524774e-01
-3.243916120665770730e-01
-5.466761284550285538e-01
-7.203543757296817507e-01
9.196288307125670691e-01
8.646274019519137877e-01
6.616950622227082413e-01
0.000000000000000000e+00
-6.979847700434420599e-01
1.000000000000000000e+00
1.000000000000000000e+00
-1.475114753316868477e-01
-9.852049930322477334e-01
0.000000000000000000e+00
0.000000000000000000e+00
1.000000000000000000e+00
0.000000000000000000e+00
-9.963831574813737380e-01
5.899003722822340201e-01
-2.396443364235307794e-01
0.000000000000000000e+00
0.000000000000000000e+00
-4.632520101490493758e-01
0.000000000000000000e+00
0.000000000000000000e+00
-5.343677853788142418e-01
0.000000000000000000e+00
0.000000000000000000e+00
-3.820448880942248771e-01
-1.673370376460781017e-01
-3.286820852635363721e-02
6.845720765936913477e-01
0.000000000000000000e+00
0.000000000000000000e+00
-6.536063007594898888e-01
6.109167251059146597e-01
-4.108083726397990798e-01
0.000000000000000000e+00
0.000000000000000000e+00
0.000000000000000000e+00
-3.562831351275907998e-01
-8.559698378548896702e-01
-9.842473677478924543e-01
8.549484970049900934e-01
7.729045090387289818e-01
0.000000000000000000e+00
-8.204326943706352626e-01
6.762540615886252215e-01
3.363393859102004058e-03
-5.944829398661077846e-02
2.779210400342280174e-01
-6.847759341356187690e-01
0.000000000000000000e+00
6.294912860707435609e-01
0.000000000000000000e+00
9.675157101609233035e-01
-1.332921217977645068e-01
9.434141294744855522e-01
7.781157820084536603e-01
0.000000000000000000e+00
0.000000000000000000e+00
-6.748329719047083675e-01
-8.593203230509118828e-01
1.000000000000000000e+00
-7.171858436805886861e-01
3.082487124834853986e-02
4.738506879449575493e-01
3.586308387821137700e-01
-5.598450467244098228e-01
5.739167266023434966e-01
-9.148470247388413856e-01
1.239815508026873569e-01
7.953760533260356702e-01
9.281973189766423715e-02
1.805853314184036051e-03
4.275505785822666383e-01
7.340577097794547257e-01
-3.072829154775049698e-01
3.477685296463923770e-01
-3.064986583517368413e-01
-4.935519246105510849e-01
-8.901115008481486068e-01
-1.906919476873334407e-01
2.181996105494434790e-01
1.835340616814207237e-02
-1.037392747409469074e-01
5.395718610756214950e-01
-9.353858207107301759e-02
3.820953798431687698e-01
1.116819503544415060e-01
8.995393880019066923e-01
-3.342102146445702360e-01
-1.160052818565275867e-01
5.355739535905013060e-01
-4.080904469683457325e-01
5.892049907919354457e-01
-3.513624478922163785e-01
-6.924391281926822739e-01
9.183250129051989674e-02
1.215803981243297471e-01
-3.890974365013257774e-01
-4.537786297901114096e-01
9.952170002119349324e-01
7.920636269148406683e-03
4.202843987529985004e-01
-1.602258846417321525e-01
1.002919495170051523e-01
-4.282136312264970268e-01
-6.620160180548793072e-01
6.658814984383010227e-01
3.633397987033804011e-01
-3.915248429093405313e-01
-1.876970475080359524e-01
1.197093053810140972e-01
-8.700620717378426683e-01
2.297449110183742427e-01
9.899626711277911273e-01
3.700756113792080804e-01
-6.797332633708053073e-02
-7.588066656157417267e-01
7.785321469959161078e-02
1.630988087646172424e-01
3.951342696926440912e-01
7.650571888204662496e-01
-4.616318598493089898e-01
-7.900982667134368587e-01
9.383698345082858161e-01
6.867398130251456401e-02
7.750135619486611116e-01
2.085915670433762248e-01
8.026496432828227334e-01
2.033819170334454363e-01
4.521067736482686783e-01
2.685054932177450837e-01
9.058700955715606185e-01
5.020523820327871256e-01
9.477114765030072441e-01
-1.677860971296987191e-01
-5.877083789985577678e-01
-5.975564425318455886e-01
-8.741940804654912966e-02
1.129922015251743073e-01
3.785887339259688122e-01
-6.989599272521429540e-02
9.295140262329539826e-01
-1.893686453616887366e-01
-9.829817628612216307e-01
5.505413748338416902e-02
3.151121657128010956e-01
-5.160635042121752836e-01
4.842892559570555200e-01
-6.068122140895559902e-01
8.079239958866222260e-01
-1.082040416514746806e-01
9.049351488071288863e-01
2.270978332564750346e-01
4.476779941250155215e-01
-5.888107998645364383e-01
7.625009773920377043e-01
9.803832699896544156e-01
-7.003518730876572285e-01
1.584472563298915393e-01
-6.791628958021687090e-01
7.608802568891626095e-01
7.294670998117374072e-01
8.231106299708428331e-01
5.363292248881785795e-01
-2.246553984879120502e-01
2.634784326949277666e-01
-8.825629755665767018e-01
-7.878623270395423983e-01
1.104440067174090601e-01
4.818674216478955330e-01
-4.120042949790456710e-01
-9.732627908290281127e-01
-9.098510755415341045e-01
-3.400060232606447741e-01
-2.556955838614856091e-01
8.127262636233847370e-01
3.804531948436498112e-01
7.642497712797573506e-01
5.110075680768251249e-01
4.013555188571473753e-01
5.267404381470170982e-01
-5.566835679342823084e-01
5.164624302729612371e-01
1.615097677196219994e-01
2.884774882814018504e-01
-8.377528729748950909e-03
-1.049123129688112055e-01
6.874995643202308493e-01
5.993776645938568848e-01
-6.142417276988092478e-01
7.190127144844329354e-01
7.960858274301663151e-02
-8.751042197647549425e-01
5.796789839136218259e-01
7.602676461833215438e-01
-1.319341614605125113e-01
-1.410895239698544135e-01
-4.590474436774298894e-01
-6.119171436816872589e-01
6.929497026177733332e-02
-1.252951311329320028e-01
3.069199043997532517e-01
3.158567366650235630e-01
-6.123393473899370054e-01
5.400286867489014764e-01
-9.815803041045412236e-02
-1.855374780014358294e-01
-6.308657874576046876e-01
2.211071787046117176e-01
3.594733636443021574e-01
5.644259293507776221e-01
6.414319828697774284e-01
-3.014466402567013148e-01
9.257245774505618030e-02
2.290215129060586552e-01
-2.220775443789904102e-01
-9.799688906765235963e-01
4.577191651155709806e-01
7.986909153216836810e-01
-5.225302456211000646e-02
8.432442180940946663e-01
-8.964453915300740761e-01
1.680922436186842450e-01
-2.068793851976149512e-01
2.776618513843058800e-01
-2.793316815662576502e-01
4.377110581112726440e-01
-5.944281399298703139e-01
-4.264800490117619525e-01
-1.762127718191881520e-01
-1.644917008574435791e-01
-1.670440555040284547e-01
8.854923158064866850e-01
2.766733407629939911e-02
1.222474400044319953e-01
-7.433441506829505663e-01
6.284419481561864806e-02
5.218175231188715291e-01
4.057325026950795444e-01
9.139278798881946830e-01
1.928737622815093200e-01
