0.000000000000000000e+00
8.956549741186987657e-01
-8.868972645463826243e-01
-8.302560096821567370e-01
6.709977562588991251e-01
4.719399781370465785e-01
3.394608028804417810e-01
-3.837270848217115837e-01
2.118883313569248639e-01
2.136034672816757851e-01
1.624080342240061814e-01
-6.832342594903888511e-01
-1.386607194174627189e-01
-2.129363595892572736e-01
4.460241624749317069e-01
9.896391258994854390e-01
8.987909461864871385e-01
8.835409485864165191e-02
0.000000000000000000e+00
-4.635185167013438079e-01
-9.281513412142847752e-01
4.064624195463515388e-01
-1.916732210745186737e-01
0.000000000000000000e+00
5.656314755132452188e-01
0.000000000000000000e+00
-7.104699542126178269e-01
-1.176334810425567756e-01
-9.412301807145504462e-01
1.903283504136106252e-01
7.636350354068464075e-01
-6.391510159841702343e-01
2.034300645548592357e-02
-3.508334943726465482e-02
-1.901706419330611020e-01
4.209201593882958559e-01
8.733398379705175074e-01
4.107850737561058452e-01
-5.500164091427994784e-02
9.239548228320169088e-01
-3.385449988654321007e-01
4.912255095238768909e-01
3.169700515480853298e-01
5.232177498888972433e-01
7.041464556126182384e-01
0.000000000000000000e+00
2.424980579000068914e-01
-1.945522305922167128e-01
3.339437601351085139e-01
9.544681292911887383e-01
2.696616934980433644e-01
-9.767884118417806683e-01
0.000000000000000000e+00
4.231529668973865732e-01
0.000000000000000000e+00
3.001700666154742958e-01
6.321398033861798105e-01
0.000000000000000000e+00
8.864591302950262097e-01
4.589272673318909312e-01
0.000000000000000000e+00
1.000000000000000000e+00
0.000000000000000000e+00
0.000000000000000000e+00
6.312424325603742670e-01
1.000000000000000000e+00
-6.009239066480136504e-01
4.884913850037331251e-01
1.724548873338502819e-01
-6.170111523597892056e-01
6.083787919867913452e-01
-7.242537437605218731e-01
2.246474128767237399e-01
0.000000000000000000e+00
0.000000000000000000e+00
0.000000000000000000e+00
0.000000000000000000e+00
0.000000000000000000e+00
9.335615748190795316e-01
-8.543492652440427548e-01
-9.939254238355561544e-01
-2.915374140193760510e-02
6.743829946084027860e-01
3.168041268802386234e-01
5.093391774827467078e-01
0.000000000000000000e+00
3.496047097779746426e-01
-3.302187255128372634e-01
-4.661094713580327120e-01
5.801416342268606030e-03
-9.449443670051262956e-01
-8.403828201668890330e-01
0.000000000000000000e+00
-6.526007241066669184e-01
0.000000000000000000e+00
0.000000000000000000e+00
-1.910181007490623362e-01
3.499863687922364353e-01
5.748445813869993426e-01
7.280482011968429923e-01
-7.302594921875082967e-01
-6.748597100454183373e-01
0.000000000000000000e+00
0.000000000000000000e+00
-4.103622562311872723e-01
-9.791995244822677691e-01
0.000000000000000000e+00
9.338275194439278337e-01
0.000000000000000000e+00
7.599884048154770255e-02
-2.353416895224711425e-01
-1.143990426597725207e-01
0.000000000000000000e+00
-3.831391111272883787e-01
2.981304844228074291e-01
1.000000000000000000e+00
7.713834510903683217e-02
8.294062510536344135e-01
-8.465719780626488333e-01
0.000000000000000000e+00
0.000000000000000000e+00
2.926165453851481413e-01
5.916819618966100425e-01
3.068188822682258454e-01
-2.140668702410950530e-01
0.000000000000000000e+00
-8.141024036935053942e-01
2.666288049610328059e-01
-2.177483797640757945e-01
6.093197834721131301e-02
0.000000000000000000e+00
0.000000000000000000e+00
2.576803429296197212e-01
0.000000000000000000e+00
-5.341723568799880972e-01
-8.492357192482180572e-02
0.000000000000000000e+00
-4.450269332338900874e-01
0.000000000000000000e+00
0.000000000000000000e+00
6.372327474860628449e-01
-2.415718010575005348e-01
0.000000000000000000e+00
-3.632169759857299951e-01
-8.452288756562247318e-01
-8.523959871083053308e-02
-6.670056358339837566e-01
-1.159820576100700773e-01
-4.160256764134531160e-01
7.891464104333418828e-01
0.000000000000000000e+00
-1.160070301484059652e-01
2.792404475197804992e-01
0.000000000000000000e+00
0.000000000000000000e+00
-8.008912222427531091e-01
-5.243162442909155008e-01
-6.209075934838159672e-01
0.000000000000000000e+00
0.000000000000000000e+00
-2.878041693531792067e-01
0.000000000000000000e+00
0.000000000000000000e+00
0.000000000000000000e+00
0.000000000000000000e+00
-1.994797615931453993e-01
1.000000000000000000e+00
-3.154935049899763033e-01
0.000000000000000000e+00
1.000000000000000000e+00
0.000000000000000000e+00
3.799666126387633014e-01
-1.825471645558514044e-01
-7.776500655400480078e-01
4.475393457386098728e-01
-5.182689711166734714e-01
0.000000000000000000e+00
0.000000000000000000e+00
-5.369491412457183532e-01
-5.652927305632815536e-01
4.147272809579494179e-02
-7.119377771231949481e-02
0.000000000000000000e+00
2.835175153613493926e-01
1.000000000000000000e+00
0.000000000000000000e+00
9.262333096584753900e-01
4.578620911550486117e-01
-1.325322624206699551e-01
1.000000000000000000e+00
1.621526120803189475e-01
0.000000000000000000e+00
-1.639672230350872617e-01
5.012906463952360170e-02
-6.375498783496569288e-01
-8.124264230833633249e-01
0.000000000000000000e+00
-2.676320669132041807e-01
3.841938019797108694e-02
0.000000000000000000e+00
2.210206742060605301e-01
-4.208384649396734734e-01
9.670421471066374952e-01
0.000000000000000000e+00
0.000000000000000000e+00
3.706213446297390579e-01
-7.976762487736863694e-01
0.000000000000000000e+00
6.812233742376816448e-01
3.451435092895320800e-01
-9.685558555713236206e-01
-9.715308159603530669e-02
-1.786512488529861109e-01
-2.827411199599771940e-02
0.000000000000000000e+00
1.774901243084165969e-01
-8.524213730494940577e-01
-4.312812980392282114e-01
0.000000000000000000e+00
0.000000000000000000e+00
-8.469035592799594170e-01
0.000000000000000000e+00
0.000000000000000000e+00
1.431054826586617423e-01
0.000000000000000000e+00
1.000000000000000000e+00
5.071610114714366624e-01
0.000000000000000000e+00
0.000000000000000000e+00
0.000000000000000000e+00
-8.389785644927403307e-01
0.000000000000000000e+00
0.000000000000000000e+00
9.193371267916243816e-01
3.853050933092991848e-01
-9.506624546917978869e-01
3.183193276878368838e-01
0.000000000000000000e+00
4.470365599662593503e-01
-4.100959140765025879e-03
0.000000000000000000e+00
0.000000000000000000e+00
5.974441673593595681e-01
-4.621150123446948754e-01
5.260748961260031109e-02
-4.488091588695630740e-02
0.000000000000000000e+00
6.086999538386754782e-01
8.641077204364768782e-01
6.720111471447880458e-01
0.000000000000000000e+00
-5.367452776968550943e-01
0.000000000000000000e+00
-4.811893172776535721e-01
-1.446923360881429144e-01
0.000000000000000000e+00
8.371604544566704220e-01
1.718011606902014599e-01
6.357065077982999579e-01
-8.081053782826683740e-01
-2.878855440596583826e-01
9.954960427472614448e-01
-7.069979040875371545e-01
0.000000000000000000e+00
0.000000000000000000e+00
