-1.574367240979699378e-01
6.645338836971341756e-01
-1.190540392014207693e-01
2.098881294546843801e-01
-1.489591735983928356e-01
-5.946228426876931650e-02
1.407591441829507684e-01
-4.931457531241663084e-01
-4.696995849007663537e-01
-7.557218667235303666e-01
9.664767180187341378e-01
5.442334535231525550e-01
4.616015208428521088e-01
1.221416150124920996e-02
-5.985019415509380547e-01
-7.532329672571920209e-01
-1.581973075410869622e-01
2.386039861048758759e-01
9.015670932878765420e-01
6.773204706017432741e-02
2.210651237104956923e-01
7.674433496896919671e-01
-5.997759933118520514e-01
3.266404208344075855e-02
-3.757797481385893867e-01
-6.064657828137829387e-01
-9.745095015403331118e-01
7.143590181629955183e-02
7.651809678152350358e-01
-6.550602330621533298e-01
-8.025306799585707473e-02
7.497209376700595396e-01
-3.477357794513362688e-01
-4.296030070079170926e-01
-8.150446466969845094e-01
5.507589513692170424e-01
-3.636682017235859377e-01
2.450916013423882767e-01
5.932146354949450195e-01
-2.374569308668403878e-01
-6.205177446750298476e-01
-5.835969502709741352e-01
4.333514654174728253e-01
-8.599436391092933896e-01
2.540003359118965243e-01
-3.143224034809022349e-01
4.940711211288744131e-01
8.391413110518324281e-01
-4.115939400420434158e-01
5.968616174159870891e-01
-4.730856748781864241e-02
3.211789779890963370e-01
9.105609679721087257e-01
-5.986196441319038275e-01
7.152127268044861097e-01
-2.504346704239246435e-01
-2.414870685326420130e-02
4.338345543997395026e-01
8.124630502875713756e-01
-7.020219731939536523e-02
-4.998754134790668324e-01
-1.303497168674583317e-01
1.989769644219308020e-02
7.488775088551966608e-01
5.197292322201068071e-01
8.186508570958825892e-01
-7.267463043639539322e-01
-2.474924208619169175e-01
-4.814775327989420095e-01
-9.878127315529789954e-01
-4.280356788515708999e-01
8.202794341268346834e-01
-4.326373629554440825e-01
1.254183356938509686e-01
-2.817801483990103328e-01
3.472816788672259403e-01
1.663964102316284333e-01
-9.121021258088666261e-01
1.485055304545326305e-01
-8.460747457167943075e-01
-1.033219922886416953e-01
-4.256081298056653139e-01
-6.257339205172405272e-01
-2.387505359545563088e-01
-6.060083238614912826e-01
3.919680884330956072e-01
-4.133628878863695455e-01
4.514101062905806483e-01
-4.549169016908329866e-01
-8.793400203641354995e-01
3.864805217020041983e-01
-7.632222402398654015e-01
-2.787171154759748859e-02
-3.239106844995642831e-02
-3.035120595797238252e-01
4.114404655036176806e-01
5.992584935283267189e-01
-3.550822901456589520e-01
6.760758084178322136e-01
-1.422417571081302512e-02
3.058137038829473742e-01
3.517133431715824265e-01
-3.436263484322572559e-01
1.109844130065600343e-01
7.804236571815084123e-01
0.000000000000000000e+00
6.108000607272618954e-01
0.000000000000000000e+00
1.420082638890027837e-01
-5.820714461829412656e-01
3.977384894878768229e-01
-6.614637286342039957e-03
-1.386654446939847851e-01
-7.126175662762381791e-01
4.045750747613650056e-01
1.991373745044668908e-01
-9.001887653696041269e-01
3.280926193632920373e-01
1.485125824969366626e-01
2.587103466606768265e-01
0.000000000000000000e+00
0.000000000000000000e+00
-3.204208274894546626e-01
-6.521389708278866326e-01
0.000000000000000000e+00
0.000000000000000000e+00
-8.328277543800930438e-01
0.000000000000000000e+00
2.034636553425794858e-02
0.000000000000000000e+00
-2.124134216778639228e-02
6.595084723282329531e-01
9.250529088054324500e-01
-7.431990452772232469e-01
-2.035864836892751217e-01
0.000000000000000000e+00
2.232082026670747510e-01
-8.566797828490499978e-01
-4.234560643469469365e-01
-9.763925083097733104e-01
2.188184441387985846e-01
9.735645212476011778e-01
0.000000000000000000e+00
-9.297820901446818276e-01
-1.994541210391380659e-01
-5.769367686978783549e-01
5.522059535732948277e-02
0.000000000000000000e+00
5.831290854131079282e-01
0.000000000000000000e+00
7.416177956377607572e-01
-6.229841354560838873e-01
-2.380322620714636628e-01
0.000000000000000000e+00
6.102992002622762424e-01
5.485618236504528067e-01
-2.997447080712789536e-01
-5.233176552938545445e-01
-1.345150598476998471e-01
0.000000000000000000e+00
9.244401977626388600e-01
-6.898213832570647686e-01
1.158192230378765064e-01
-4.098509901891906893e-01
-9.801119472393211574e-01
-3.003727764049832771e-01
3.839351457678350510e-01
3.501013206811656175e-01
7.469270938737591070e-01
2.830610956060202188e-01
0.000000000000000000e+00
-2.229441174578163931e-01
3.673391797388880775e-02
1.086186386836218709e-01
1.359072199049546903e-01
-3.898383793017639043e-01
-3.832248220574876463e-01
-3.854760819251275006e-01
-5.972788920812353020e-01
-5.992275459732550047e-01
0.000000000000000000e+00
9.590291773190280367e-01
6.427301776861025218e-01
-9.919404632085990769e-01
-5.100479166507685402e-01
0.000000000000000000e+00
3.362388600360708413e-01
-3.900412460225539668e-01
-9.971242056118412300e-02
7.774151671796423191e-01
4.768492585856809463e-02
0.000000000000000000e+00
4.408974299503072292e-01
2.356336298269161578e-01
0.000000000000000000e+00
9.827933477714443367e-01
0.000000000000000000e+00
0.000000000000000000e+00
-2.430637206722028321e-01
0.000000000000000000e+00
-3.386169270631060879e-01
2.053608506760233876e-01
5.550751585365776286e-02
0.000000000000000000e+00
-6.968384579569733006e-01
3.577281599967840897e-02
8.942321323350432838e-01
-3.551272422565561193e-01
0.000000000000000000e+00
-7.498751931860532238e-01
-2.996192434269218108e-01
8.491293646593345290e-01
3.973665989682397814e-01
5.773710356779957475e-01
-8.822208189706550741e-01
0.000000000000000000e+00
1.031369656331453388e-01
8.420796608245983972e-01
0.000000000000000000e+00
-7.697419286757556378e-01
-9.186305628805073731e-01
-4.033790969424284611e-01
6.206023089885315258e-02
-2.625788014922094682e-01
9.360805007050174709e-01
-6.775681696480801985e-01
-7.276014876148473309e-01
-9.803785439301233584e-01
0.000000000000000000e+00
-8.042673337355488172e-02
0.000000000000000000e+00
3.208820795325784125e-02
0.000000000000000000e+00
2.845984345940635318e-01
0.000000000000000000e+00
9.667421137279379462e-01
8.375296625368882086e-01
-7.823792345560045547e-01
7.927038874629162013e-01
-2.664531710704542977e-01
0.000000000000000000e+00
-8.283623363406071860e-01
1.346251130451399103e-01
8.579169982520820081e-01
0.000000000000000000e+00
1.522841879567893297e-01
3.271761729218798376e-01
3.647368126034302716e-01
0.000000000000000000e+00
-4.932605350216330287e-01
2.886085863009208996e-01
0.000000000000000000e+00
-3.061640868265054216e-01
-1.484430949479940143e-01
0.000000000000000000e+00
4.848375729546756663e-01
0.000000000000000000e+00
1.895075011151128308e-01
-5.618658500530246958e-01
0.000000000000000000e+00
-5.535518249025175308e-01
1.117251534543652891e-01
5.727894464810658892e-01
5.569316103805115326e-01
-6.531324085396081891e-01
