-8.171875234819607758e-01
0.000000000000000000e+00
0.000000000000000000e+00
9.274944034672258919e-01
-3.822630070110279998e-01
-5.229053338101414816e-01
-2.381650656199891802e-01
0.000000000000000000e+00
-2.856583903296039395e-01
8.645508647130029090e-01
0.000000000000000000e+00
7.145931638321156854e-01
0.000000000000000000e+00
-7.197781941794154648e-01
2.012944811732957362e-01
6.568813890765001773e-02
5.820856461492143197e-01
1.130362100057924479e-02
-9.209766943507193826e-01
5.121702469145084091e-01
3.088746247618510132e-01
4.335030553653360652e-01
-8.154960832985369557e-01
0.000000000000000000e+00
0.000000000000000000e+00
0.000000000000000000e+00
-6.002519403034534129e-02
-9.582359155699826658e-04
-3.296568565526278860e-01
6.937406150193712318e-01
0.000000000000000000e+00
5.803183671957738987e-01
7.031683511455382174e-01
0.000000000000000000e+00
-7.942375652406217235e-01
9.946036866001577437e-01
3.182545109859298282e-01
0.000000000000000000e+00
-4.977076077300308654e-01
5.579286687515232490e-01
6.250085775324865089e-02
0.000000000000000000e+00
8.749634186070243125e-01
7.500246059006956401e-01
-8.385114562764608426e-01
-2.420289023217057078e-01
3.202027349158633740e-01
0.000000000000000000e+00
7.870454546199723289e-01
-1.961250878770217643e-01
-8.569157656347872187e-01
6.345312082133078846e-01
1.362323771265152583e-01
-9.063041295510401163e-01
-1.674839503835223731e-01
5.630885734174011503e-01
2.760947564948643684e-01
3.137550657572105717e-01
9.296315766318601348e-01
5.475911275022313784e-01
6.889687275115752296e-01
-7.530555708765773737e-02
4.444176778771178338e-01
3.296783952658703942e-01
9.104826040942999299e-01
0.000000000000000000e+00
6.625813978983385866e-01
-5.574370364998124661e-01
-4.557093088644721401e-01
-1.099316586790775041e-01
3.997493624093946263e-01
4.430204970319733260e-01
-1.466202049987641587e-02
-7.613657226225809538e-01
0.000000000000000000e+00
0.000000000000000000e+00
0.000000000000000000e+00
5.231761705399362583e-02
-8.408878599405786858e-01
0.000000000000000000e+00
4.315214662695485703e-01
0.000000000000000000e+00
1.373899940868197334e-01
-3.269594379563920405e-01
-9.530846029396180530e-01
8.016991857781317066e-01
1.540024550720953123e-02
8.020988055110109816e-01
-2.366542107718536680e-01
-5.883149508898988245e-01
3.245258241554818124e-01
0.000000000000000000e+00
0.000000000000000000e+00
1.235359826622079993e-01
-9.082270291456187028e-01
1.645497986507697963e-01
-1.091018143193391854e-01
-2.687259314571397439e-01
8.195793316386017491e-01
-4.228313421177620768e-02
-1.568964054149655230e-01
5.738306461375159984e-01
8.544539342909882595e-01
-6.712924614744637530e-01
-7.121689859760258479e-01
9.566507374444406242e-01
4.029718805933504289e-01
5.356146204453178239e-01
9.550042185871503442e-01
9.004062949684261685e-01
1.842237059686446798e-01
-6.024441972765068876e-01
3.892825184580692710e-01
-2.197945322964198755e-01
0.000000000000000000e+00
0.000000000000000000e+00
-6.603841782412089856e-02
1.024385218615613269e-01
4.614221181266802141e-01
-1.661059420436883372e-01
4.902944534704201107e-01
-9.685829368344014423e-01
-8.302609528079021306e-01
2.750915746827558017e-01
-4.199125235065614969e-01
7.830147097894919472e-01
0.000000000000000000e+00
0.000000000000000000e+00
-4.755350519245564733e-01
3.813903295322802478e-01
3.159820594740934130e-01
2.956201367953603665e-03
5.904780709278849571e-01
-5.970279639442586106e-01
-2.533349683742969205e-02
-4.756523774463718990e-01
3.893693486631744083e-01
0.000000000000000000e+00
5.984884513170150022e-01
1.893141636091444369e-02
-9.762675288129247786e-01
-5.618686432925321661e-01
0.000000000000000000e+00
-5.391160420601912584e-01
9.119679071968520567e-01
5.916899739939887048e-01
7.453396847484006216e-02
0.000000000000000000e+00
-5.454131347650932327e-01
0.000000000000000000e+00
5.546959086140332840e-01
4.622009071990937912e-01
1.932866873128142871e-01
8.333083583659655069e-01
-2.377133827536059840e-02
-8.449767002776811253e-01
-3.889328874388966462e-01
-5.198833870437724602e-01
7.684314655433270858e-01
6.638916744014915494e-01
0.000000000000000000e+00
-4.319328747749284769e-01
6.554152370572781106e-01
-6.343535966461986142e-01
7.588557900228725117e-01
-2.568906746186101486e-01
-4.472416799828176082e-01
-1.662946136261493901e-01
0.000000000000000000e+00
4.354212679752427206e-01
7.503316825917212274e-01
-9.538306957127176133e-01
9.615733711845337872e-01
-2.095279207689613177e-01
9.203377444094793525e-01
4.882162191606194135e-01
4.959131431560903636e-03
-6.428228370909194744e-02
7.575688770618278500e-01
7.600629023346781032e-01
-2.226319600501813767e-01
8.950510647961213984e-01
9.872782273038553935e-01
0.000000000000000000e+00
0.000000000000000000e+00
-9.988872830477286691e-01
9.112726766369878550e-01
1.660251647245747364e-01
2.905716336041510583e-01
-4.369805853044026467e-01
3.827885848802068391e-01
7.528023816242750410e-01
-5.893757248799966764e-01
-7.364370439939253998e-01
0.000000000000000000e+00
0.000000000000000000e+00
-7.889330780535954712e-01
0.000000000000000000e+00
-6.263500122717762242e-01
0.000000000000000000e+00
-4.325808435224725024e-01
-8.309769149318189108e-01
6.378602235649104557e-01
1.306924120480230656e-01
3.065615351729333860e-01
-4.159698703628234018e-01
0.000000000000000000e+00
9.220131086167944190e-01
9.992092201501996396e-01
-9.150414203832719640e-01
-3.790265325374915228e-01
-8.209344000291489696e-01
-5.038958041400998233e-02
3.150254657877511466e-01
2.164982045667229738e-01
0.000000000000000000e+00
9.271810338944985741e-01
0.000000000000000000e+00
9.933040826803221091e-01
-1.488825248552603231e-01
2.895870031834779645e-01
-8.015950180325361885e-01
7.161274830335617736e-02
2.928596080037149108e-01
-5.341874968535529344e-01
2.484992092068296632e-01
-7.354836454316602268e-01
-7.704256354062954948e-02
2.141434422605912324e-01
-4.038113311573199304e-02
-6.971965227178038571e-01
0.000000000000000000e+00
-2.500647228544394807e-01
3.040882965206479494e-01
-1.340311476377611388e-01
-5.983636959741229777e-01
-3.241369971476422140e-01
-3.829270387126719744e-01
-7.247431986438714890e-01
1.780655422633972140e-01
-5.799930088232674308e-02
-3.489427428798799191e-01
-9.968120197931948923e-01
8.278213117784980479e-01
-9.093011020490926466e-01
-7.697523205424583459e-01
-4.124879083551791226e-01
0.000000000000000000e+00
8.730472103107227433e-01
5.182681563894004917e-01
-5.873676353338479483e-01
6.785451483271198736e-01
0.000000000000000000e+00
-7.755137028284060374e-01
-7.764168915782108105e-01
1.266123494081361489e-01
1.872020576007973336e-01
2.534613685960951379e-01
8.961154971176605866e-01
5.045282077635979689e-01
0.000000000000000000e+00
-6.541440617427669579e-01
8.209248017475347936e-01
8.378819107996142712e-01
6.565789465088798238e-01
