8.063694503900697974e-01
8.455800338317129849e-01
-1.789987847470511095e-01
-2.369291996972096026e-01
3.216723423161260698e-03
5.175429950963961190e-01
-8.447191094035353398e-01
-5.323270730820004459e-01
-4.752515842038074201e-01
-5.689629429742413258e-01
-6.330668277427728974e-01
-4.613863632615271548e-01
-4.711751054345323375e-01
-9.251128915257733620e-01
5.111800490913949169e-01
5.998348020612054299e-02
7.874365379517556107e-01
8.036083101370796733e-01
6.475362853064114965e-01
-1.268229002466592092e-01
6.317641418499595485e-01
-2.608826235396393134e-01
-6.835403535795494534e-01
5.966966904681445527e-01
5.386623680161448657e-01
-2.150192533942334450e-01
-2.050346465599128809e-01
2.580843157958656597e-01
8.394339006915196855e-02
-3.553953128926197191e-01
-7.635833210918610003e-01
-1.154981241931134495e-01
-2.904676897252744805e-01
-6.373428097996278741e-01
-6.462980885638178741e-01
6.738912913010646211e-01
-5.189231616740148656e-01
9.608847774505080430e-02
3.425605239501690047e-01
-6.955500675843815372e-01
8.788412672663388214e-01
9.135197938671686391e-01
-6.424994087618913774e-01
-3.426969248937687951e-01
-7.782130576910979425e-01
-1.255418509399830462e-01
2.729627120775335314e-01
-5.148523888585525565e-01
6.007635107546516195e-02
8.205510284672112853e-02
8.426273303688980310e-01
8.655491088681734890e-01
-2.345907794444344052e-01
-9.158301269894548735e-01
3.779485943826534911e-01
7.912782484656482040e-01
-2.881113544475089050e-01
2.017998538889229643e-01
7.125814165661996658e-01
-8.205414556815391336e-01
-3.293051514980867012e-01
-2.669529124110570084e-01
-6.981586233881367232e-01
-1.322981954364417234e-01
-3.611817611552639029e-01
-4.298272975435988297e-01
-6.935124136126755712e-01
2.929338713033460273e-01
6.179690051151103258e-01
-4.952762610267535948e-01
-6.731799073153106328e-01
5.729571953713370469e-01
7.542433317955883343e-01
8.477490144193384758e-01
-8.959335164098851667e-01
-2.097112793990434376e-01
-9.923467394509923878e-01
-1.669164718169549033e-01
-6.248649073833034695e-01
-6.740393817962695433e-01
3.357364544964855924e-01
-6.801842343363990739e-01
3.639444593771907766e-01
-6.964704000974697440e-01
-5.766538378491017358e-01
4.501877723914684548e-01
1.302416922442246605e-01
-5.062917294709641247e-01
3.399950584039206358e-01
8.069317042784271976e-01
-3.684409912698889400e-01
-8.287316455120241621e-01
-5.581650306361329861e-01
3.606189418458851659e-01
-1.709463917590654525e-01
4.976398520902149958e-01
8.632513013485134667e-01
-2.422759823680302738e-01
-2.100788947973719623e-01
-3.035507188677513124e-01
-8.107235786929323229e-01
5.868277679619113840e-01
8.557825544034316501e-01
-5.543124353554820249e-01
6.409801824687666461e-02
6.606997201958029198e-01
-7.215670133417131371e-01
-8.741721028968127971e-01
1.357979580376043049e-01
-7.826193823548230899e-01
2.753483075438507566e-01
1.892322554693146586e-01
7.773538503624197737e-01
-5.090577823330884044e-01
3.956279345103341782e-03
-6.442279996937514408e-01
-1.536694596486050113e-01
9.076201544162192381e-01
-7.129642939238056698e-02
1.865561930999326545e-01
-5.883729868368228200e-01
2.682679551858975220e-01
-8.739550439721230912e-01
-1.826447491393301537e-01
1.266804392856639705e-01
5.455133958968201302e-01
9.878059976700563904e-01
-9.124593248760339836e-01
-2.197766311868680766e-01
9.737042124504242668e-01
6.306420430097816610e-01
3.233506467012081664e-02
1.081463234717205957e-02
9.060969843448256622e-01
3.632699621770580922e-01
-7.598132506080068627e-01
-5.423964776645775476e-01
7.934540247597288154e-01
5.941546519015670214e-01
-9.075574564179229586e-01
6.601725728819698436e-01
4.953850265915373807e-01
7.110902968687284886e-01
-7.467874972525860855e-01
8.693888702179661809e-01
4.474193761987508289e-01
3.304866402517880886e-01
8.340299820392211849e-01
2.108605248213495376e-01
-2.976095207321449720e-03
-1.966792269131065751e-01
-7.377838198920350088e-02
9.097988456869929852e-01
4.986474873984567679e-01
3.210736766008825960e-01
3.638635207474234523e-01
-7.642630840497062206e-01
-6.090572953643282883e-01
4.816513380304376923e-02
4.282543101521030238e-01
-5.488839728750241065e-01
-1.984218558120192100e-01
-7.098150200964470358e-02
8.660971334481419870e-01
5.489011893858630753e-01
4.932093364271481484e-01
2.627217163417736590e-01
7.311092890426145186e-01
2.280726239237100827e-01
8.111617744992261070e-01
8.236067681384231509e-01
3.133256795061796218e-01
-7.376588633185869881e-01
3.816627550924618362e-01
1.615000398759716127e-01
-4.937538805094596750e-01
-5.102856387129062199e-01
7.774687981558294769e-01
-5.787867614058979093e-01
5.120075533592929329e-01
-3.334086455705012053e-01
-5.382537184605089564e-01
2.874306388416427716e-01
-8.513557234600011014e-02
3.042775609659211788e-01
-1.149787816961558296e-01
5.909869117318788945e-01
9.375364669149988117e-01
8.243343968436047664e-01
6.226282699820513411e-01
1.489569337048000097e-01
2.506165675840543727e-01
-1.153509572823792073e-01
3.380923656237699859e-02
4.857090944878661443e-01
9.905819325089948446e-01
-9.812771752907836209e-01
-2.020627002915931225e-01
-8.121412983301099509e-01
-2.807174774972749365e-01
3.939608183844249822e-01
2.228008416542215375e-01
2.500212868649041020e-01
1.777683792390627460e-02
5.121648757049368506e-02
-8.132814877466894021e-01
-3.864953353939799552e-01
-6.261342395188995713e-01
-5.442994882527840694e-02
-7.639226302411896707e-01
-1.909316560425899922e-01
-7.984531163776824592e-01
-1.426629722288210722e-01
-2.945876677388008513e-01
2.211564690786611553e-01
4.148453489507741843e-02
-8.301464811732921500e-01
-2.442079792492988233e-01
9.039198918440096708e-01
2.784968849550581993e-01
-7.991976155303357476e-01
5.088954704214829761e-01
-8.222125534659332491e-01
6.061731939957537563e-01
-3.491097409824761577e-02
-4.927869411475409578e-01
-1.040495011888362686e-01
-3.769065871575527638e-01
3.228840719926739933e-01
-9.914527013790825904e-01
3.722748867855105726e-01
2.526970512379840272e-01
-2.060451686325364129e-01
-2.191741618512244028e-01
-4.180104690604105055e-01
-4.715258774670716413e-02
-2.911769186293027278e-01
8.182053496116512559e-01
5.103867086223916605e-01
6.298746955936020964e-01
-6.938216322559176419e-01
3.714421432757919472e-01
5.825358048577689019e-02
-6.065255695746480935e-01
5.202010320492886919e-01
-7.399846290023937012e-01
3.251370042247774261e-01
4.807158704372649360e-01
-6.032102753073780299e-01
-5.646645786258996935e-01
-9.144893406668843649e-01
-1.392679840285522275e-01
6.759071426455640630e-01
4.638655798292170562e-01
-2.570164005646762284e-01
7.284648176452130919e-01
7.506632090651790268e-01
5.742028454172323215e-01
-6.357711190761412556e-01
4.894276139118480806e-01
3.162621634825313333e-01
-6.014244172084957096e-01
4.563078960589048716e-01
-3.565782768853413831e-01
-8.661016151459783874e-01
