-8.513359998752314528e-01
-5.982174426761115438e-01
7.635906635931379860e-01
-1.508838271331214287e-01
-9.071645693192318394e-01
-6.055138216441990906e-02
0.000000000000000000e+00
-4.456388128628159251e-01
1.908893415632029189e-01
5.216026151295791724e-01
-9.221113622659440345e-01
7.202573993658005769e-01
3.280765335490751777e-01
-8.462183497036355195e-01
-2.830931186541345568e-01
4.500867692824523925e-01
7.183425424649783064e-01
1.537360495143698103e-01
-8.028893788824262856e-01
-9.680380579835341504e-01
-1.873315564265034538e-01
0.000000000000000000e+00
0.000000000000000000e+00
4.385813626227146322e-01
0.000000000000000000e+00
5.134804531745038592e-01
0.000000000000000000e+00
3.071511923729646210e-01
0.000000000000000000e+00
7.744422275662572464e-01
-2.665134519934377888e-01
8.486703466619416325e-01
-9.675997782033385342e-02
0.000000000000000000e+00
-4.551031359531112486e-01
0.000000000000000000e+00
6.094426529891705524e-01
5.857644521296601070e-01
1.888616535252580775e-01
-4.180726617571215442e-01
4.501274050555501560e-01
3.431157429016487015e-01
9.487753529416182996e-01
-8.510740162711167844e-01
-1.434418750277441923e-01
2.976118511773848674e-01
-2.717876359285378296e-01
-8.450450839556213900e-01
-2.301473674536218539e-01
6.578631742559448714e-01
0.000000000000000000e+00
0.000000000000000000e+00
7.758957648953039854e-01
-1.638139282168378230e-01
-1.998327810101840907e-01
-7.612842546027167590e-01
-9.915995277570408550e-01
-6.537920674466857207e-01
8.839344800140729319e-01
7.658596121421534786e-01
-8.714872497529255746e-01
-7.849640069848298207e-01
-5.669032073298434504e-01
0.000000000000000000e+00
-1.356718910673126999e-02
-5.595765865641433301e-01
0.000000000000000000e+00
-5.727803058317899598e-01
1.051124994541232649e-01
3.451740897313970713e-01
-7.676112760376614386e-01
9.670040721068704492e-01
2.687272683992469879e-02
2.446381361558858103e-01
-5.591226428958886441e-01
-4.856103227579922077e-01
0.000000000000000000e+00
-9.529492916580570849e-01
-5.295553830283017405e-02
-7.912369215392693889e-01
7.621942508663925864e-02
8.316515873628025357e-01
2.763300307841820569e-01
9.807205435018895301e-01
1.787956408978164102e-01
0.000000000000000000e+00
-7.683325935172624632e-01
0.000000000000000000e+00
7.454131328755249086e-01
4.055498420467738008e-01
5.700831013686817883e-01
3.192562703530632540e-02
8.765942503995449719e-02
2.942277727158748579e-01
-8.143654897025618400e-01
9.171316144222640965e-02
-9.200368747248852674e-01
1.132904753126677821e-01
2.115256354536878547e-01
5.536541246134973893e-01
9.493329101921690327e-01
1.301691284500061663e-02
0.000000000000000000e+00
8.415173450906900943e-01
-3.599950903795416934e-01
-2.434687373536936761e-01
-5.185638874724114444e-01
0.000000000000000000e+00
0.000000000000000000e+00
3.141582289384503568e-02
3.780201140419161554e-01
8.709820687774616488e-01
0.000000000000000000e+00
1.856097652411334842e-01
-8.355676971449632617e-02
8.299583782519075470e-01
-2.252764450607704916e-01
0.000000000000000000e+00
-5.148839909413727156e-01
-5.559292516390128558e-01
-4.486962659383644247e-01
-4.561059103365114886e-01
-5.134857787894133718e-01
1.100621267739727571e-01
0.000000000000000000e+00
-8.927823728834605177e-02
-5.164951988916743897e-01
7.875766200502467562e-01
6.428209011672338935e-01
0.000000000000000000e+00
-2.272764003213927353e-01
-1.197090481164755360e-01
-1.824027926416738055e-01
9.011286879554067930e-01
4.122368582232025513e-01
3.278323539478273929e-01
3.057793759490425867e-01
2.516442017711812973e-01
0.000000000000000000e+00
6.990912932289239379e-02
4.947595690459383189e-01
9.074854648584040895e-02
-1.648380129957818241e-01
3.721244521792437254e-01
-5.440678010651622820e-01
2.650304366446107895e-01
-1.521748456329756749e-01
1.497930212462119659e-01
0.000000000000000000e+00
2.945746314767812013e-01
8.391885842116313388e-01
0.000000000000000000e+00
-4.727753427912591011e-01
-1.739568432189049219e-01
-9.300179781142550173e-01
-2.099104065895975868e-01
-8.916761603136791337e-02
-2.579621050991818265e-01
9.219169146725831876e-01
-7.597214462977097682e-02
-4.235680939389667721e-01
0.000000000000000000e+00
6.468985386385845970e-01
-2.450278764937017240e-01
5.750086238311633569e-01
3.874483861660662498e-01
3.318231118606682628e-01
-6.921770833637042042e-01
-4.898413234017160445e-01
0.000000000000000000e+00
3.712303262970209072e-01
2.711249980603418486e-01
-1.161845154753446963e-01
0.000000000000000000e+00
0.000000000000000000e+00
-8.567836908783694749e-01
-5.895450228573950735e-01
-9.945261387055970292e-01
-4.420820111994863133e-01
-4.032488884921929806e-01
0.000000000000000000e+00
9.204439610497996416e-01
-5.687529433716753680e-02
4.522246875472064609e-01
-4.209095805607894203e-01
8.190172384094385194e-02
4.064770667432207052e-01
-7.519576024309650997e-01
-4.031253711781861426e-01
-4.194828974552162748e-01
-7.706386358849481866e-01
2.017494692207533191e-01
1.445050077426659474e-01
3.623188682387481485e-01
0.000000000000000000e+00
-5.202279361621544584e-01
0.000000000000000000e+00
0.000000000000000000e+00
-4.915045129524528988e-01
-5.637191991169312466e-01
0.000000000000000000e+00
-7.944645940813648277e-01
5.701560198039823391e-01
-4.553703360367999942e-01
4.136783853718568604e-01
6.171041110653958661e-01
-7.163986788588121435e-01
9.028350895911749774e-01
7.468633804184157121e-01
2.558345762339320206e-01
-2.695473379274953007e-01
-3.400236150146902503e-01
-1.348731775859259852e-01
6.376508985873337032e-01
0.000000000000000000e+00
-7.725174291674856697e-01
-8.712374984574715597e-01
2.015217947310308233e-01
5.144918576058101767e-01
0.000000000000000000e+00
-2.474956996633381756e-02
-6.029884000403002986e-01
0.000000000000000000e+00
0.000000000000000000e+00
0.000000000000000000e+00
0.000000000000000000e+00
-9.951401162402584433e-01
8.352698152163426926e-01
9.582276239711151611e-02
-3.950776945751637292e-01
-1.951365197019305775e-02
2.625217165806410513e-01
-4.484432327524003892e-01
9.507688990618274882e-01
0.000000000000000000e+00
-5.776920609409437191e-01
0.000000000000000000e+00
4.984928291382024756e-01
1.499526914944089295e-01
-6.695648144230672560e-01
-7.805061931853090051e-01
2.784979145778709864e-01
8.375404017109278065e-02
-9.572874833621596302e-01
-6.507350975659653702e-01
-1.622627403972527471e-01
4.144944118083837559e-01
9.750404343620355796e-01
-4.457551744408370098e-01
-4.465564705837985482e-01
3.782258957044655201e-01
-9.004841368317317851e-02
1.925109829058284650e-01
7.025443050998672057e-01
5.039299384108228974e-01
0.000000000000000000e+00
-2.730193781548786447e-01
3.826109333932423695e-01
2.025892464964653694e-01
3.292973640288057169e-01
0.000000000000000000e+00
4.609179772319085266e-01
0.000000000000000000e+00
6.211746154146209342e-01
-1.950633971725153071e-01
