3.167805399708378822e-02
-9.280800149744303784e-01
0.000000000000000000e+00
-6.347061787678061062e-01
-6.373655224634466876e-02
8.069940744775088159e-01
5.300077420414548435e-01
0.000000000000000000e+00
0.000000000000000000e+00
5.216026151295791724e-01
0.000000000000000000e+00
7.202573993658005769e-01
0.000000000000000000e+00
-8.462183497036355195e-01
-2.830931186541345568e-01
4.500867692824523925e-01
0.000000000000000000e+00
1.537360495143698103e-01
0.000000000000000000e+00
-9.680380579835341504e-01
0.000000000000000000e+00
0.000000000000000000e+00
-2.565799497522174288e-01
4.385813626227146322e-01
4.232050204048272146e-01
0.000000000000000000e+00
-8.687535150554146490e-01
0.000000000000000000e+00
-1.892323653067551348e-01
0.000000000000000000e+00
0.000000000000000000e+00
8.486703466619416325e-01
-9.675997782033385342e-02
-2.921376039620187104e-01
-4.551031359531112486e-01
-7.868896740696069703e-01
6.094426529891705524e-01
0.000000000000000000e+00
0.000000000000000000e+00
0.000000000000000000e+00
4.501274050555501560e-01
3.431157429016487015e-01
9.487753529416182996e-01
-8.510740162711167844e-01
0.000000000000000000e+00
0.000000000000000000e+00
-2.717876359285378296e-01
0.000000000000000000e+00
-2.301473674536218539e-01
6.578631742559448714e-01
1.979818655893215151e-01
7.966032656588026839e-01
7.758957648953039854e-01
0.000000000000000000e+00
0.000000000000000000e+00
-7.612842546027167590e-01
1.000000000000000000e+00
-6.537920674466857207e-01
0.000000000000000000e+00
7.658596121421534786e-01
-8.714872497529255746e-01
0.000000000000000000e+00
-5.669032073298434504e-01
4.815946831685298246e-01
-1.356718910673126999e-02
0.000000000000000000e+00
-6.798119156985042988e-01
-5.727803058317899598e-01
1.000000000000000000e+00
0.000000000000000000e+00
-7.676112760376614386e-01
9.670040721068704492e-01
2.687272683992469879e-02
2.446381361558858103e-01
-5.591226428958886441e-01
0.000000000000000000e+00
-9.111911851067537871e-01
-9.529492916580570849e-01
-5.295553830283017405e-02
0.000000000000000000e+00
0.000000000000000000e+00
0.000000000000000000e+00
2.763300307841820569e-01
9.807205435018895301e-01
1.787956408978164102e-01
1.070560933290676253e-02
0.000000000000000000e+00
0.000000000000000000e+00
1.000000000000000000e+00
0.000000000000000000e+00
5.700831013686817883e-01
3.192562703530632540e-02
8.765942503995449719e-02
1.000000000000000000e+00
-8.143654897025618400e-01
9.171316144222640965e-02
-9.200368747248852674e-01
0.000000000000000000e+00
2.115256354536878547e-01
5.536541246134973893e-01
0.000000000000000000e+00
1.301691284500061663e-02
9.929873269173632444e-01
8.415173450906900943e-01
-3.599950903795416934e-01
-2.434687373536936761e-01
0.000000000000000000e+00
-9.325661623581718018e-01
0.000000000000000000e+00
3.141582289384503568e-02
0.000000000000000000e+00
8.709820687774616488e-01
7.645078307921937544e-01
0.000000000000000000e+00
-8.355676971449632617e-02
8.299583782519075470e-01
-2.252764450607704916e-01
-7.622285683990377425e-01
-5.148839909413727156e-01
-5.559292516390128558e-01
0.000000000000000000e+00
0.000000000000000000e+00
-5.134857787894133718e-01
0.000000000000000000e+00
-1.492741276089890601e-01
0.000000000000000000e+00
0.000000000000000000e+00
7.875766200502467562e-01
0.000000000000000000e+00
1.317529758180340238e-01
-2.272764003213927353e-01
-1.197090481164755360e-01
-1.824027926416738055e-01
0.000000000000000000e+00
0.000000000000000000e+00
3.278323539478273929e-01
3.057793759490425867e-01
2.516442017711812973e-01
-9.088999980716314653e-01
6.990912932289239379e-02
4.947595690459383189e-01
9.074854648584040895e-02
-1.648380129957818241e-01
3.721244521792437254e-01
-5.440678010651622820e-01
0.000000000000000000e+00
0.000000000000000000e+00
1.497930212462119659e-01
6.687527999931568434e-01
2.945746314767812013e-01
8.391885842116313388e-01
2.541345062760456130e-01
-4.727753427912591011e-01
-1.739568432189049219e-01
-9.300179781142550173e-01
-2.099104065895975868e-01
-8.916761603136791337e-02
-2.579621050991818265e-01
9.219169146725831876e-01
-7.597214462977097682e-02
0.000000000000000000e+00
-4.319328747749284769e-01
0.000000000000000000e+00
-6.343535966461986142e-01
7.588557900228725117e-01
-2.568906746186101486e-01
-4.472416799828176082e-01
-1.662946136261493901e-01
0.000000000000000000e+00
4.354212679752427206e-01
7.503316825917212274e-01
-9.538306957127176133e-01
9.615733711845337872e-01
0.000000000000000000e+00
9.203377444094793525e-01
4.882162191606194135e-01
0.000000000000000000e+00
-6.428228370909194744e-02
7.575688770618278500e-01
7.600629023346781032e-01
-2.226319600501813767e-01
8.950510647961213984e-01
9.872782273038553935e-01
3.191593442190836516e-01
-6.828350647701115772e-01
0.000000000000000000e+00
-4.512681709916099848e-02
-9.882851532070822120e-01
1.742706729774157193e-01
0.000000000000000000e+00
8.207424674318870572e-01
-3.959902868813554022e-01
-9.054690757813677049e-01
9.867515094171925849e-01
6.566866211275739218e-01
2.791748422882611713e-01
-7.043337963813955938e-02
0.000000000000000000e+00
5.041511512054408506e-02
-4.193949836493227057e-01
8.111969733104469338e-01
-7.014047716849898251e-01
0.000000000000000000e+00
-9.271653569632236636e-01
8.351741882812948603e-01
-4.682525015136216329e-01
-5.986524596896254380e-01
0.000000000000000000e+00
-7.950090312255821967e-01
-2.904125492080278370e-01
-8.969271509648348850e-01
-3.732818684487753114e-01
-7.942621909754332687e-01
6.724300216013554543e-01
-5.763717344256600317e-01
-2.526516570075720836e-01
7.017143090201913846e-01
0.000000000000000000e+00
3.813072689547520877e-01
0.000000000000000000e+00
7.569015984373672623e-01
-6.717358229793306545e-01
6.805234607174384109e-01
-3.325648045494429272e-01
4.129427945080057505e-01
0.000000000000000000e+00
-2.009597540409926442e-01
0.000000000000000000e+00
-1.277134124455381325e-02
1.793845498943651418e-01
-8.803408898152047524e-01
-8.667095828598847529e-01
5.744291640170449131e-01
-8.978851517358856782e-01
-6.103606660277758333e-01
-6.061038356409464978e-01
5.194575137426733491e-01
-9.747481386011755955e-01
3.538850235136665745e-01
0.000000000000000000e+00
-6.476084480245152264e-01
-1.306544182577957791e-01
2.307355802446697801e-01
1.431727755541878366e-02
-5.153313304169215847e-01
4.018937490296194959e-01
-2.041530120786672065e-02
9.875670474648197139e-01
-5.830096210176107796e-01
-5.980858064393124174e-02
4.965366829836157514e-01
7.569501055338094808e-01
-3.776396466736731128e-01
6.127169841239574755e-01
-4.882699376640011746e-01
-5.932752983134899072e-01
3.481455786919052109e-01
9.755975334959039458e-01
6.703422040966098283e-01
-9.111665580970111922e-01
-1.480025611024822219e-01
5.307184710930701321e-01
5.470339292232604400e-01
0.000000000000000000e+00
-9.870812920624931763e-01
