-8.578085593307569479e-01
7.646858857293967748e-01
2.616981571815995000e-01
9.036809279768314163e-01
8.275808104026696199e-01
-1.613497435024602300e-01
-9.174073794869586074e-01
-3.006360557068941119e-01
-7.246562450958971002e-01
-9.095474491205199907e-01
8.703240101434019937e-01
-7.911681056052703997e-01
-7.014250055293094199e-01
4.105832820853037024e-01
-9.754897444074011048e-01
8.677848333902531408e-01
1.222010857107767023e-01
8.766277617310322956e-01
2.992201392206350619e-02
-6.812992876763090955e-01
9.205661914074179109e-01
9.156482639046827909e-01
-9.738301410261456237e-01
3.840786730420693296e-01
-1.020454331037676798e-01
8.675541307673755309e-01
9.594376051000839123e-01
9.794239249577745277e-01
2.427526948564984188e-01
-6.949100930207261495e-01
8.503092498655211440e-01
6.915593840274056880e-01
-4.149635351339755474e-01
-7.475931515213336542e-01
9.421654113505320005e-01
-7.469195788009201920e-01
2.176110956635322058e-01
5.026289873536249342e-01
-4.229539171931675501e-01
-8.192018821704141196e-01
-8.187915123863269695e-01
3.910498540785412036e-01
-3.723378534778456483e-01
-6.654618198339092849e-01
-4.589618884498709583e-01
-4.710382933204182443e-02
7.376806400569422273e-01
-2.772243119178861015e-01
-2.686647730395133049e-01
4.202696369802951804e-01
-4.429189797329415867e-01
-6.774705049398768164e-01
8.850597251714649172e-01
-5.575131294603479226e-01
-7.944719468940093510e-01
-6.633640271382970077e-01
1.658842851585138334e-01
-3.294340970460456486e-01
-4.685464083845314320e-01
4.321668242954785910e-01
-1.559211995661580197e-02
1.762759589234772495e-01
-1.692675017411688909e-01
-8.652493284308246935e-01
7.609378317875312714e-01
-4.989888990825019910e-01
-1.957289869778153779e-01
-5.622405899032099086e-01
7.285288392041611161e-02
4.634605974896242042e-01
-6.067985602397198974e-01
-9.767777952606140346e-01
-8.427945077018295095e-02
6.522805261367610186e-01
8.236266414532813496e-01
9.279367035955889964e-01
-6.823527178085875278e-01
3.312232953106661881e-01
-2.186889307695727425e-03
8.703483143353596407e-01
2.970508241076286193e-01
2.485804323122606796e-01
4.336879664763995113e-01
-6.339407736677469263e-01
-8.758545994113315913e-01
1.875516485023835944e-01
-2.426671764633414607e-01
-1.657165717156161566e-01
-3.941103154566980571e-01
8.618930177185308850e-01
-1.005857539666554779e-02
-7.117429569254916100e-01
-7.172189353404521128e-01
7.002640629681262663e-01
8.646838883769192297e-01
-8.062426711821470970e-01
-6.634890902012569036e-02
9.564342012070043975e-01
-6.191670933595916360e-01
3.822249479221557777e-01
-1.379168667895818157e-01
8.209907031575005565e-01
1.053392677014786116e-01
-6.056094298167142842e-01
2.389041554191599914e-01
-4.350905293856495160e-01
-2.010826977858966025e-01
5.519556170264647843e-01
1.927984147775096968e-01
-7.401356676228543208e-02
-9.007952870833557668e-03
1.481174736322456997e-01
-7.872322148032258049e-01
7.713060010674643863e-01
1.448649568955093780e-01
5.101502007004783401e-01
5.225326523016078362e-01
-8.582497128230170969e-01
-8.692016807842839476e-02
-1.072236903868903912e-01
5.095923711909395859e-01
1.475151007869079933e-02
1.681938740404782529e-01
-2.479546656240148028e-01
8.928486860781819079e-01
9.966055780521587693e-02
7.679756069479850566e-01
-2.372440949131082721e-01
-7.527779689774429794e-01
-5.793567367095309173e-01
3.679965188199338932e-01
9.832213138350329729e-01
9.917760003511011391e-02
1.073529854003620887e-01
-2.768182850977352061e-02
-8.253824887713312464e-03
-5.399873894684459330e-01
3.595640128026023064e-02
2.907805221780708216e-01
2.976568810702884260e-01
8.639746476323286739e-01
-6.039130266376064871e-01
8.345706754023136664e-01
-3.960778408128697858e-01
2.404298445938253259e-01
9.417817258132354930e-02
-7.336395403476394517e-01
7.795520894773502185e-01
-4.917214186915233043e-01
4.143182055110483653e-01
2.611113462813321462e-01
9.404009213865922590e-01
9.460992669834289437e-01
5.053740156593040656e-01
6.634675287789779663e-01
4.827838833419706432e-01
-9.524504794292298904e-02
-8.862770382928863988e-01
1.328282132086520129e-01
-8.010704054302737465e-01
9.411462869488171901e-01
-9.722623023039840273e-01
7.938603930753977966e-01
2.413802592236524713e-01
-3.330314203761270964e-01
2.673743461712769776e-01
-3.778877890494105607e-01
-6.844553519476468395e-01
3.076485226313137034e-01
-4.338594404599125376e-01
7.154723198980990073e-01
2.613537073135645539e-01
1.404428261755801266e-01
2.481967472086705762e-01
-1.405513094986201583e-01
-3.616743362273782125e-01
1.658004599519933286e-01
7.711698149791057499e-01
5.478310030832749256e-01
9.201216422218172486e-01
-7.712695996669476362e-01
-5.058547473905719016e-01
-5.008291544210121682e-01
1.594755349152146007e-01
5.986603173609799100e-01
8.503903568141943925e-01
4.633552580214552741e-01
-2.971046315278171868e-01
-9.180378589692694824e-01
-3.706540477902409148e-01
-4.310526023841485532e-01
8.455774923604435500e-01
1.474250839311395112e-01
-8.425727427692499827e-01
-7.884443258786211217e-02
7.498368085609563582e-01
-8.267029316102385561e-01
3.551595994353817787e-02
1.564498828044547096e-03
-6.406583245732020426e-01
9.162706214265550209e-01
4.924649826529583496e-01
-7.703550662872957755e-01
2.874609053047416651e-01
8.146525701251428053e-02
-4.179496332110257395e-01
6.110850779406944433e-01
6.524377392868285774e-01
-8.771663795783666284e-01
8.281166655686640343e-01
-2.486596411524888417e-01
-1.129319560250048315e-01
-1.685607096121501947e-01
-4.612303795254413252e-01
4.532760711184697922e-01
2.277710405560879892e-01
4.953806939609672888e-01
9.385995987295063792e-01
6.246084855066620367e-01
6.855310825931626439e-01
-6.258685124042566716e-01
-6.141615929156307718e-01
-7.424582091083080648e-01
3.789690834794392504e-01
2.712254468140895547e-01
-4.392872056487495680e-01
-3.245573014397835632e-01
4.865028930193411316e-01
4.604586891031756668e-01
-4.399407188516815115e-01
5.317684652617253871e-01
6.969462839946756194e-01
-5.773968539495530905e-01
8.708958404013877885e-01
1.403512910576836248e-01
5.910860881271329248e-02
-9.802817562127819073e-01
2.800845850412636562e-01
5.744208644703214794e-01
2.663756220603450409e-01
5.336711211301465863e-01
7.560339152729536050e-01
-6.752618993512673473e-01
-7.583995649217210033e-01
-5.357623764805212740e-01
-6.152666263867019314e-01
8.416253583497730340e-01
5.650137201847238444e-01
4.175298002798968344e-01
6.247632983092190617e-01
-8.443092416923425603e-03
-1.295294946811080816e-01
9.852590436657893136e-02
6.919296637088827584e-01
-6.351888932565286083e-02
-9.891204424319690602e-01
-7.292459680559879587e-01
-7.912957837076484147e-02
7.490479962639675637e-01
3.360358333385125018e-01
6.279800219937969885e-02
8.035825510200602650e-01
4.745033712432118467e-01
-3.831296456398389783e-01
1.164379545121261295e-01
