-8.171875234819607758e-01
0.000000000000000000e+00
-4.059863848038847145e-01
0.000000000000000000e+00
-3.822630070110279998e-01
-5.229053338101414816e-01
-2.381650656199891802e-01
5.312548159487600063e-01
-2.856583903296039395e-01
8.645508647130029090e-01
-3.004471388917318020e-01
7.145931638321156854e-01
9.698693630069012972e-01
-7.197781941794154648e-01
2.012944811732957362e-01
6.568813890765001773e-02
0.000000000000000000e+00
1.130362100057924479e-02
-9.209766943507193826e-01
5.121702469145084091e-01
3.088746247618510132e-01
4.335030553653360652e-01
-8.154960832985369557e-01
0.000000000000000000e+00
-6.425627856930826720e-01
-4.348070043890617242e-01
-6.002519403034534129e-02
-9.582359155699826658e-04
-3.296568565526278860e-01
6.937406150193712318e-01
0.000000000000000000e+00
5.803183671957738987e-01
0.000000000000000000e+00
0.000000000000000000e+00
-7.942375652406217235e-01
9.946036866001577437e-01
3.182545109859298282e-01
-4.905918486221905184e-02
-4.977076077300308654e-01
5.579286687515232490e-01
6.250085775324865089e-02
-7.108039639258492137e-01
8.749634186070243125e-01
7.500246059006956401e-01
-8.385114562764608426e-01
-2.420289023217057078e-01
3.202027349158633740e-01
6.276021805631692985e-01
7.870454546199723289e-01
-1.961250878770217643e-01
-8.569157656347872187e-01
6.345312082133078846e-01
1.362323771265152583e-01
-9.063041295510401163e-01
-1.674839503835223731e-01
5.630885734174011503e-01
0.000000000000000000e+00
3.137550657572105717e-01
0.000000000000000000e+00
5.475911275022313784e-01
0.000000000000000000e+00
-7.530555708765773737e-02
4.444176778771178338e-01
3.296783952658703942e-01
0.000000000000000000e+00
7.638499328633017171e-01
6.625813978983385866e-01
-5.574370364998124661e-01
0.000000000000000000e+00
-1.099316586790775041e-01
3.997493624093946263e-01
4.430204970319733260e-01
-1.466202049987641587e-02
0.000000000000000000e+00
9.360244895604561410e-01
3.179890161551095495e-01
9.240127599465552954e-01
-3.049387792645275042e-01
3.869722524375651673e-01
-3.782447021350729965e-01
7.028932892412791400e-01
-8.212788666191654929e-01
-6.801872110857085652e-01
-9.802653170431510077e-01
7.112968631503224781e-01
0.000000000000000000e+00
1.067959122763926239e-01
9.977150358954456344e-01
8.054909375294820872e-01
-2.100122154689281206e-01
1.643030817157240531e-01
-3.568487370729203079e-01
5.189640257602823326e-01
7.083065636931882292e-01
-1.012099598045392845e-01
0.000000000000000000e+00
1.351855205258025716e-01
8.154911744416759589e-02
-1.094654492469857576e-01
6.475435466897616621e-02
-2.287320253684501647e-01
-1.803637595349303346e-01
-6.592391319955872575e-01
8.911489192568453621e-01
-1.899204026616587715e-01
3.233918619924833759e-01
-2.626735786995342270e-01
-5.960231724729114777e-01
8.583565026351664962e-01
3.146172556788315866e-01
6.691707564489723925e-01
0.000000000000000000e+00
-5.695269530575557404e-01
0.000000000000000000e+00
7.135906699698917333e-01
-6.758823105697047140e-01
6.491202063961560853e-01
-1.484668614097794936e-02
-3.178213015333026803e-01
-1.985246181243709440e-01
7.118742624247207385e-01
8.693312856916377562e-01
0.000000000000000000e+00
3.103444897380940315e-01
-3.093067142034693351e-01
0.000000000000000000e+00
-3.718834161651456416e-01
0.000000000000000000e+00
-9.083019541634085314e-01
-3.849169094833859717e-02
-2.645604980711662169e-01
4.913604398384294747e-01
-7.877352138273152615e-01
0.000000000000000000e+00
-1.540188738347878505e-01
3.940781701155120498e-01
-8.143430337117885109e-01
1.240869185228254956e-01
-2.661845343396047614e-01
4.795479735694885282e-01
9.376896656578603828e-01
0.000000000000000000e+00
0.000000000000000000e+00
0.000000000000000000e+00
4.289762145215014755e-01
0.000000000000000000e+00
-5.393756295077039020e-01
7.488032405377000877e-01
4.689194252421087228e-01
8.470902528175157098e-01
1.535084678384603940e-01
7.508311557542861614e-01
8.310594358089657963e-01
2.945490103415093763e-01
0.000000000000000000e+00
0.000000000000000000e+00
5.632486624104848794e-02
-3.544235829606723343e-04
-6.075700209170722399e-01
-2.317336172134265571e-01
7.588275651864073712e-01
-5.190571305757771814e-01
7.738847804997837088e-01
4.267618368640861970e-01
-6.806825399168328072e-01
0.000000000000000000e+00
-7.716686084333446161e-02
1.763889470584418806e-01
8.386210971689156413e-01
-6.996075806428945221e-01
0.000000000000000000e+00
9.894281857539624081e-01
7.803831727785282002e-01
9.262506928667790795e-01
-3.787843364236591626e-01
-4.956789840295219296e-01
-2.134685653967127728e-02
-1.170179395988113491e-01
0.000000000000000000e+00
4.092990320155813766e-01
3.170583666291935110e-01
7.878874724809343810e-01
8.831846628575148461e-01
0.000000000000000000e+00
0.000000000000000000e+00
-1.387044417141527486e-01
-5.144640571950762631e-01
4.120112248767782148e-01
0.000000000000000000e+00
0.000000000000000000e+00
8.887701846007580730e-01
0.000000000000000000e+00
0.000000000000000000e+00
8.965876972435535830e-01
-5.295846919016420351e-01
-5.118644046262614822e-01
-2.066150384262224193e-01
-3.133254354258785401e-01
-2.358019377066848943e-01
2.473605084728043302e-01
0.000000000000000000e+00
0.000000000000000000e+00
3.768530378322152430e-01
2.266664763880457123e-01
-3.917192084662886042e-01
1.760075191798120553e-01
-1.109953742057545600e-01
-9.710251080306029348e-01
0.000000000000000000e+00
9.392411335369772463e-01
-3.390599086716907795e-01
0.000000000000000000e+00
9.225977787846832978e-01
6.274946978275957044e-01
-5.697673420298221547e-01
-9.423892157043494144e-01
-6.116959049235302093e-01
3.868977994040820878e-01
9.259537092640799383e-01
0.000000000000000000e+00
0.000000000000000000e+00
-5.507222827681388377e-01
7.941626640912839985e-01
0.000000000000000000e+00
-6.863914094952261458e-01
0.000000000000000000e+00
0.000000000000000000e+00
-7.140042502496344312e-01
3.051830009836984381e-01
9.384763783671052906e-01
-7.204443916977503193e-01
8.748757955306658562e-01
5.263706684839473127e-01
4.531196402842743165e-01
0.000000000000000000e+00
-1.711829677619889356e-01
5.109426982875309164e-01
0.000000000000000000e+00
-4.762987729899812450e-01
-8.285822185848930044e-01
6.266592606637675367e-01
-5.033008410717185743e-01
0.000000000000000000e+00
6.257282173173404072e-01
3.010631057410144695e-01
-9.124343197467386091e-01
-5.211638107842286871e-01
-6.154218752847975260e-01
-1.522520074752029551e-01
7.527126031180242371e-01
-3.992715513630336055e-01
0.000000000000000000e+00
9.833234790720219998e-01
2.492456275178345226e-01
-4.552987666257939381e-01
0.000000000000000000e+00
-2.755915493682741246e-01
0.000000000000000000e+00
6.677175869679179421e-01
4.236789017593884932e-01
-5.036727950925639075e-01
6.674598567357461487e-01
4.298023107515804853e-01
2.662083929397374149e-03
0.000000000000000000e+00
