-5.957190279575972358e-01
-3.210306205087241072e-01
-7.300811620476688191e-02
9.456411191402003258e-01
-9.763608936191421339e-01
1.507644143072139897e-02
-1.299111024271106807e-01
-5.956692698879435532e-01
-3.327361374612045619e-01
6.807966896261923306e-01
-1.403719184612008952e-01
3.278787892915000501e-01
-3.866611380670383902e-01
9.209352872924916333e-01
-8.022785342273985876e-01
2.854574436006800386e-01
4.887143119200534347e-01
8.520950354669423188e-01
-2.861757804634785796e-01
-2.781720491399475303e-01
-7.872381143980897722e-01
-9.313503604046526885e-01
2.104308599914059830e-01
6.767580034931537369e-01
5.107575567248332504e-01
8.114376780357617225e-01
8.207806644153745612e-01
-3.401014682777276921e-01
-2.771730945795654044e-01
-6.981903303261538518e-02
6.418207665192263711e-01
8.092547117458304129e-02
-9.696792288133888604e-01
5.817695757162888448e-01
3.765535263294406132e-01
2.529829906716067889e-01
6.776123311046842179e-01
-9.382757781735000524e-01
-1.185230460155413112e-01
-2.609342872515700851e-01
4.188123595126911347e-01
4.207950061431158240e-01
8.152410078602294607e-01
3.460169782275912542e-01
-5.766855898530569569e-01
-7.681100477789910563e-01
2.951146646886015912e-01
-4.186830503084459920e-02
4.796747997899408755e-01
-9.122188926238126161e-01
1.637270011810656456e-01
7.443850262400037998e-01
6.482901963166167736e-01
7.561172359894763328e-01
2.702003651679818486e-01
3.149856356810796232e-01
-8.612799894049247840e-01
-8.924678917048680660e-01
1.821107743035121906e-02
1.700677230718559141e-01
8.456480667411820917e-01
-4.798452480353372351e-01
1.237954290418530334e-02
4.747463216420695353e-01
2.948661328678703342e-02
6.211008363656622677e-02
9.862991007861123816e-01
9.381839696996885358e-01
-8.539354602220425861e-01
9.976922832306893696e-01
7.522630829061860425e-02
-2.601132478829337735e-02
-4.339407862637534308e-01
4.516184649482015701e-01
8.120676672703122101e-01
-2.094572479079090943e-01
-8.037450711528928426e-01
-3.544230069472538158e-01
-7.347245259908796733e-02
5.572018434339438553e-01
2.417514167675609560e-01
3.629139819422662061e-01
8.201413709406046859e-01
-5.092691802410649338e-01
4.070953677350777067e-01
6.461629138440199149e-01
-7.187009393417822523e-01
-5.063497007533230843e-01
-9.168580395950962636e-01
5.065457320009123521e-01
3.649550206569291966e-01
-9.377381598100325011e-01
9.431252276859853900e-01
-4.225895651674445030e-01
-3.182200732548206012e-01
7.682349197576117117e-01
6.941915559782090295e-01
-5.332320095208142874e-01
-8.329576939530938251e-01
-4.531254934703763393e-01
-4.784469381046911884e-01
-1.300759472532353467e-01
-7.582850495236377331e-01
-3.180243437435248399e-01
-3.773407109130741954e-01
-6.775867998894133937e-01
9.059040343039688192e-01
3.721897818355106580e-01
7.929117632518605241e-01
2.611347498324056993e-02
-4.242333440959034085e-01
-3.420691323210640622e-01
-5.846894685723560414e-01
5.037453243511100798e-01
6.847818470947142355e-01
-5.280849894185055682e-01
-7.219991862822887629e-01
1.936315091551121803e-02
6.468741645892521763e-01
-8.874244503509474136e-01
7.384932805855990434e-01
5.680357625883993844e-01
1.678602694662267858e-02
8.739490053575780237e-01
6.624949562183215512e-01
2.030291620966593324e-01
-2.538166474476843959e-01
4.973509156937616638e-01
4.096906765345988966e-01
-9.510764408899421429e-01
-3.905264411288769111e-01
-3.047121151280320905e-01
-3.689475620470061834e-01
2.953593554663067611e-01
8.082458425940617364e-01
9.430845788890145354e-01
-1.937742286848418427e-01
-5.054847091770320322e-01
-8.891632846165664628e-01
-4.143775959215580951e-01
1.636645971201688976e-01
7.197482121039389114e-02
7.589557574531209383e-01
2.611659980952005800e-01
-1.500083986686497894e-01
-9.779734312169119370e-01
0.000000000000000000e+00
-4.609175493504300558e-01
0.000000000000000000e+00
4.834072466869783202e-01
-2.833876099169305718e-01
1.895615216470989406e-01
-9.506840720740683537e-01
4.899415659006010060e-01
7.765574250819995417e-01
8.144651720988738131e-01
8.190331005453839186e-01
-6.504272327301319212e-01
6.884047188164281739e-01
0.000000000000000000e+00
-9.596944051163631695e-01
0.000000000000000000e+00
4.923215860168272950e-01
-2.259887106989033612e-01
-4.687246340161688174e-01
-3.267604697860058138e-01
0.000000000000000000e+00
5.668901900758238632e-01
-1.130097991086427278e-01
7.848951780762494224e-01
0.000000000000000000e+00
-5.255468308842581315e-02
9.912015065994717045e-01
0.000000000000000000e+00
5.245265678835808743e-01
-8.261552577793596086e-02
-3.201759988794803391e-01
-8.518720837462023798e-01
-2.797052714545675833e-01
9.608536244666341375e-01
-7.149874420026842703e-01
-1.897520630940228159e-01
1.096656010483847421e-01
-2.136262436012532628e-01
0.000000000000000000e+00
0.000000000000000000e+00
7.185519556273867181e-02
0.000000000000000000e+00
2.585143735908936868e-01
-8.919787487969728090e-01
2.278382049684279931e-01
-5.694307905505704426e-01
9.054646012589502302e-01
9.263708579995122427e-02
-8.714109886944825245e-01
0.000000000000000000e+00
-1.341551396634084181e-01
-3.116619661004484954e-01
4.742424376167009292e-02
7.385517666207437326e-01
2.629203417503791496e-01
3.094811962926471427e-01
0.000000000000000000e+00
1.278645763295325199e-01
4.711605198897099722e-01
0.000000000000000000e+00
7.534622978404696969e-01
6.113280034716135347e-01
-3.012657252374719707e-01
-5.078369633332504574e-01
-8.077536224584349611e-01
0.000000000000000000e+00
7.377456216209330453e-01
2.335005531871081619e-01
0.000000000000000000e+00
-7.196893992712138921e-01
0.000000000000000000e+00
6.757171825782903873e-02
7.295853059859462864e-01
-6.286889424479003008e-01
-5.488118372297345893e-02
5.700261215430497685e-01
-6.821634102358382634e-01
-7.149243147389250375e-01
0.000000000000000000e+00
-8.181957752207564827e-01
-1.545429696895985749e-01
3.527719327641487546e-01
-5.127149601348266472e-01
4.978629135599208499e-01
0.000000000000000000e+00
6.454416270006024803e-02
-7.088676812815524197e-01
2.991002862105356375e-01
1.655278134760576059e-01
5.354424418833607646e-01
3.278258519989751818e-01
4.500859806974233379e-01
0.000000000000000000e+00
0.000000000000000000e+00
5.157711431345917141e-01
-9.264435273936049153e-01
2.688974868659999018e-02
-1.786895234570620161e-01
-2.897031256700042245e-01
-9.634842422979408294e-01
-7.609452181589109188e-01
-8.227444510660619770e-02
-2.942487735259780024e-01
-6.523979052878805529e-01
0.000000000000000000e+00
-9.696567095388923807e-01
-7.877574744388982086e-01
-3.384114997033738081e-01
-7.678988928800787317e-01
2.986525887873159313e-02
8.138802820673496363e-02
0.000000000000000000e+00
-4.368655597329567097e-01
8.973344013206701053e-01
0.000000000000000000e+00
7.149905255391300063e-01
-4.298542957722473190e-01
8.682823044821672553e-01
7.533675202587424291e-01
