0.000000000000000000e+00
1.000000000000000000e+00
0.000000000000000000e+00
1.000000000000000000e+00
0.000000000000000000e+00
-5.229053338101414816e-01
0.000000000000000000e+00
5.312548159487600063e-01
-2.856583903296039395e-01
8.645508647130029090e-01
-3.004471388917318020e-01
0.000000000000000000e+00
0.000000000000000000e+00
-7.197781941794154648e-01
2.012944811732957362e-01
6.568813890765001773e-02
0.000000000000000000e+00
1.000000000000000000e+00
-9.209766943507193826e-01
0.000000000000000000e+00
3.088746247618510132e-01
4.335030553653360652e-01
-8.154960832985369557e-01
9.518538085018619643e-01
0.000000000000000000e+00
0.000000000000000000e+00
-6.002519403034534129e-02
-9.582359155699826658e-04
-3.296568565526278860e-01
0.000000000000000000e+00
0.000000000000000000e+00
5.803183671957738987e-01
7.031683511455382174e-01
0.000000000000000000e+00
-7.942375652406217235e-01
0.000000000000000000e+00
3.182545109859298282e-01
-4.905918486221905184e-02
-4.977076077300308654e-01
5.579286687515232490e-01
6.250085775324865089e-02
-7.108039639258492137e-01
8.749634186070243125e-01
0.000000000000000000e+00
0.000000000000000000e+00
-2.420289023217057078e-01
3.202027349158633740e-01
0.000000000000000000e+00
7.870454546199723289e-01
0.000000000000000000e+00
-8.569157656347872187e-01
6.345312082133078846e-01
0.000000000000000000e+00
-9.063041295510401163e-01
-1.674839503835223731e-01
0.000000000000000000e+00
2.760947564948643684e-01
3.137550657572105717e-01
9.296315766318601348e-01
5.475911275022313784e-01
6.889687275115752296e-01
0.000000000000000000e+00
4.444176778771178338e-01
3.296783952658703942e-01
0.000000000000000000e+00
0.000000000000000000e+00
0.000000000000000000e+00
0.000000000000000000e+00
0.000000000000000000e+00
0.000000000000000000e+00
3.997493624093946263e-01
4.430204970319733260e-01
1.000000000000000000e+00
0.000000000000000000e+00
0.000000000000000000e+00
3.179890161551095495e-01
9.240127599465552954e-01
-3.049387792645275042e-01
3.869722524375651673e-01
-3.782447021350729965e-01
0.000000000000000000e+00
-8.212788666191654929e-01
-6.801872110857085652e-01
-9.802653170431510077e-01
0.000000000000000000e+00
8.852832870132849585e-01
1.067959122763926239e-01
0.000000000000000000e+00
0.000000000000000000e+00
-2.100122154689281206e-01
1.643030817157240531e-01
0.000000000000000000e+00
0.000000000000000000e+00
7.083065636931882292e-01
-1.012099598045392845e-01
-1.543993616400762825e-02
0.000000000000000000e+00
8.154911744416759589e-02
-1.094654492469857576e-01
0.000000000000000000e+00
0.000000000000000000e+00
0.000000000000000000e+00
-6.592391319955872575e-01
8.911489192568453621e-01
0.000000000000000000e+00
0.000000000000000000e+00
0.000000000000000000e+00
-5.960231724729114777e-01
0.000000000000000000e+00
3.146172556788315866e-01
6.691707564489723925e-01
1.364500677175306542e-01
0.000000000000000000e+00
-8.203138876301527826e-01
7.135906699698917333e-01
0.000000000000000000e+00
6.491202063961560853e-01
-1.484668614097794936e-02
-3.178213015333026803e-01
0.000000000000000000e+00
7.118742624247207385e-01
0.000000000000000000e+00
-3.405415857291680393e-01
0.000000000000000000e+00
0.000000000000000000e+00
1.000000000000000000e+00
-3.718834161651456416e-01
7.749050483780666188e-01
0.000000000000000000e+00
-3.849169094833859717e-02
-2.645604980711662169e-01
4.913604398384294747e-01
0.000000000000000000e+00
-8.126659778060734141e-01
0.000000000000000000e+00
3.940781701155120498e-01
0.000000000000000000e+00
1.240869185228254956e-01
-2.661845343396047614e-01
0.000000000000000000e+00
0.000000000000000000e+00
-7.615444306487733073e-01
8.093905342094571687e-01
0.000000000000000000e+00
4.289762145215014755e-01
0.000000000000000000e+00
0.000000000000000000e+00
7.488032405377000877e-01
0.000000000000000000e+00
8.470902528175157098e-01
0.000000000000000000e+00
0.000000000000000000e+00
8.310594358089657963e-01
2.945490103415093763e-01
-2.878001556041585030e-01
0.000000000000000000e+00
5.632486624104848794e-02
-3.544235829606723343e-04
0.000000000000000000e+00
-2.317336172134265571e-01
7.588275651864073712e-01
0.000000000000000000e+00
7.738847804997837088e-01
4.267618368640861970e-01
-6.806825399168328072e-01
9.535616861811413436e-02
-7.716686084333446161e-02
1.763889470584418806e-01
8.386210971689156413e-01
-6.996075806428945221e-01
9.447921094717817159e-01
9.894281857539624081e-01
1.000000000000000000e+00
9.262506928667790795e-01
-3.787843364236591626e-01
-4.956789840295219296e-01
-2.134685653967127728e-02
0.000000000000000000e+00
9.463333476399782285e-01
0.000000000000000000e+00
3.170583666291935110e-01
7.878874724809343810e-01
0.000000000000000000e+00
-1.513511359683565871e-01
-2.932140601218833353e-01
0.000000000000000000e+00
0.000000000000000000e+00
4.120112248767782148e-01
-9.407425191928859842e-01
-7.738818476730748852e-01
8.887701846007580730e-01
0.000000000000000000e+00
0.000000000000000000e+00
0.000000000000000000e+00
0.000000000000000000e+00
0.000000000000000000e+00
-2.066150384262224193e-01
0.000000000000000000e+00
-2.358019377066848943e-01
2.473605084728043302e-01
-1.119768703665076082e-01
-9.537963778259503922e-01
3.768530378322152430e-01
0.000000000000000000e+00
-3.917192084662886042e-01
1.760075191798120553e-01
0.000000000000000000e+00
-9.710251080306029348e-01
-5.344609123054342437e-01
0.000000000000000000e+00
-3.390599086716907795e-01
-8.042150491262496370e-01
9.225977787846832978e-01
6.274946978275957044e-01
-5.697673420298221547e-01
-9.423892157043494144e-01
-6.116959049235302093e-01
3.868977994040820878e-01
9.259537092640799383e-01
-3.407750727051892525e-01
0.000000000000000000e+00
9.357482431948900281e-01
7.120481077204696696e-01
6.056806671204773007e-01
9.015005713523420727e-01
-4.788477420303194343e-02
0.000000000000000000e+00
1.713137845996144382e-01
9.534780791966912528e-01
0.000000000000000000e+00
5.933032568376130911e-01
4.480608725977548445e-01
3.923691102872011172e-01
-4.751187835754979716e-01
-4.306894124793225753e-01
-2.576809318229322798e-02
0.000000000000000000e+00
-9.599225569277811676e-01
-5.961153729312396177e-01
-8.149191930951142915e-01
-9.696228779319278068e-01
-7.119747165558159008e-01
-2.319242526869347287e-02
-6.961915862054175452e-01
-6.538901321532208932e-02
-9.853494907277053905e-01
0.000000000000000000e+00
-3.404211220702400009e-01
-6.687645234979799902e-01
3.114521759862340922e-01
2.449179135159023080e-01
-6.025232279581449468e-01
5.760703411698735454e-01
-1.956096334115249302e-01
0.000000000000000000e+00
0.000000000000000000e+00
4.675410987939694341e-01
-3.098265354024145601e-01
8.404215321481500744e-02
6.295005943650284763e-01
0.000000000000000000e+00
2.625427218152287523e-01
6.733528852037404810e-01
7.416593690789869964e-01
0.000000000000000000e+00
