8.063694503900697974e-01
8.455800338317129849e-01
-1.789987847470511095e-01
-2.369291996972096026e-01
3.216723423161260698e-03
5.175429950963961190e-01
-8.447191094035353398e-01
-5.323270730820004459e-01
-4.752515842038074201e-01
-5.689629429742413258e-01
-6.330668277427728974e-01
-4.613863632615271548e-01
0.000000000000000000e+00
-9.251128915257733620e-01
5.111800490913949169e-01
5.998348020612054299e-02
0.000000000000000000e+00
8.036083101370796733e-01
6.475362853064114965e-01
-1.268229002466592092e-01
6.317641418499595485e-01
-2.608826235396393134e-01
-6.835403535795494534e-01
5.966966904681445527e-01
5.386623680161448657e-01
0.000000000000000000e+00
-2.050346465599128809e-01
0.000000000000000000e+00
8.394339006915196855e-02
-3.553953128926197191e-01
-7.635833210918610003e-01
-1.154981241931134495e-01
-3.103436000148271923e-01
-6.716104414491583796e-01
2.508530531931716379e-01
0.000000000000000000e+00
0.000000000000000000e+00
0.000000000000000000e+00
-5.776119317664685227e-02
3.100867426602986754e-01
2.824055640318849925e-01
4.208837708249624221e-02
-4.150147485465931485e-01
0.000000000000000000e+00
3.744608012454737622e-01
-9.074318255423647894e-01
6.257426554935354712e-01
-7.489219109109312988e-02
0.000000000000000000e+00
-3.324952825371223497e-01
8.597018838235976901e-01
-4.684819873526824274e-01
0.000000000000000000e+00
-8.855604091387876409e-01
0.000000000000000000e+00
7.153415658139739008e-02
-5.847125741121139697e-01
0.000000000000000000e+00
-8.172632744320116327e-01
-9.212937785490880049e-01
3.856407608446255075e-01
0.000000000000000000e+00
-7.109004164733756514e-01
0.000000000000000000e+00
3.664404860766701244e-01
1.640993452600325586e-01
0.000000000000000000e+00
5.227843316404792162e-01
4.224210843545057603e-01
0.000000000000000000e+00
-5.803680952033585250e-01
0.000000000000000000e+00
-8.426244043593189570e-01
-2.631466628778029726e-01
-9.413022065995029219e-01
-5.966372428194059996e-01
1.622432148409638231e-01
4.158375119821451360e-01
-1.825050077711212193e-01
0.000000000000000000e+00
-9.124067546611993595e-01
0.000000000000000000e+00
1.360388015618563262e-01
0.000000000000000000e+00
0.000000000000000000e+00
0.000000000000000000e+00
0.000000000000000000e+00
-2.064087633103874886e-01
-2.650481618661120198e-01
5.865564652174251048e-01
0.000000000000000000e+00
-3.675625778293190038e-01
-1.857539431491865844e-01
-3.588614233441631551e-01
0.000000000000000000e+00
-4.005832343684496699e-01
6.798226294650431267e-01
-9.006524424297230880e-01
5.894699911782130819e-02
3.049380822850320527e-01
-1.856074495265096491e-01
2.661216432421591449e-01
-5.274207692773931200e-01
7.822458078934562131e-01
7.038652846012427577e-01
0.000000000000000000e+00
-1.645979403725730261e-01
5.367933552059422908e-01
-5.261563172251519926e-01
0.000000000000000000e+00
-4.784605689837124753e-01
7.280238754944488022e-01
-3.389439939698366544e-01
-8.789700393803459022e-01
0.000000000000000000e+00
5.785008453280560126e-01
-1.859462218712133463e-01
7.176986318561890954e-01
7.958766321247539022e-01
-8.277432439175105294e-01
0.000000000000000000e+00
-9.695441629724530497e-01
0.000000000000000000e+00
1.150621840110119809e-01
-6.780109363645649978e-01
0.000000000000000000e+00
-1.868461010090192165e-01
9.124377912711825189e-01
8.847137433770657644e-01
-5.524796230728648005e-01
-7.857956194952453455e-01
-9.234115595796659193e-01
2.439937466658608223e-01
-9.411343446203466190e-01
7.044609917012036870e-01
0.000000000000000000e+00
6.780456641699921239e-01
3.283724839692567787e-01
-9.805103126040464190e-01
0.000000000000000000e+00
0.000000000000000000e+00
2.955565139456750590e-01
0.000000000000000000e+00
0.000000000000000000e+00
8.693888702179661809e-01
4.474193761987508289e-01
3.304866402517880886e-01
8.340299820392211849e-01
2.108605248213495376e-01
-2.976095207321449720e-03
-1.966792269131065751e-01
-7.377838198920350088e-02
0.000000000000000000e+00
4.986474873984567679e-01
3.210736766008825960e-01
0.000000000000000000e+00
-7.642630840497062206e-01
0.000000000000000000e+00
4.816513380304376923e-02
4.282543101521030238e-01
-5.488839728750241065e-01
-1.984218558120192100e-01
0.000000000000000000e+00
8.660971334481419870e-01
5.489011893858630753e-01
4.932093364271481484e-01
2.627217163417736590e-01
0.000000000000000000e+00
2.280726239237100827e-01
8.111617744992261070e-01
8.236067681384231509e-01
3.133256795061796218e-01
-7.376588633185869881e-01
3.816627550924618362e-01
0.000000000000000000e+00
-4.937538805094596750e-01
-5.102856387129062199e-01
0.000000000000000000e+00
0.000000000000000000e+00
5.120075533592929329e-01
-3.334086455705012053e-01
-5.382537184605089564e-01
2.874306388416427716e-01
-8.513557234600011014e-02
3.042775609659211788e-01
-1.149787816961558296e-01
5.909869117318788945e-01
9.375364669149988117e-01
8.243343968436047664e-01
0.000000000000000000e+00
1.489569337048000097e-01
0.000000000000000000e+00
0.000000000000000000e+00
3.380923656237699859e-02
4.857090944878661443e-01
9.905819325089948446e-01
-9.812771752907836209e-01
-2.020627002915931225e-01
-8.121412983301099509e-01
-2.807174774972749365e-01
3.939608183844249822e-01
2.228008416542215375e-01
5.701560198039823391e-01
-4.553703360367999942e-01
0.000000000000000000e+00
6.171041110653958661e-01
-7.163986788588121435e-01
0.000000000000000000e+00
7.468633804184157121e-01
2.558345762339320206e-01
-2.695473379274953007e-01
0.000000000000000000e+00
-1.348731775859259852e-01
6.376508985873337032e-01
8.919132203257538194e-01
-7.725174291674856697e-01
-8.712374984574715597e-01
2.015217947310308233e-01
5.144918576058101767e-01
-1.355171460043178566e-01
-2.474956996633381756e-02
-6.029884000403002986e-01
2.852613335015476981e-01
-3.510523087107888518e-01
8.420483064355424041e-01
-5.839260870163149875e-01
-9.951401162402584433e-01
8.352698152163426926e-01
9.582276239711151611e-02
-3.950776945751637292e-01
-1.951365197019305775e-02
2.625217165806410513e-01
-4.484432327524003892e-01
9.507688990618274882e-01
9.834390868057680812e-01
-5.776920609409437191e-01
-7.302278821298719969e-01
0.000000000000000000e+00
0.000000000000000000e+00
-6.695648144230672560e-01
6.945095830493297484e-03
2.486587588408495364e-01
-7.374702810835775946e-01
0.000000000000000000e+00
-7.641105875876275100e-02
-7.413874039545376160e-01
-2.592735174131166609e-01
6.917933932552247089e-01
-8.518899027149227088e-01
7.887942578231130764e-01
-9.220776457670794013e-01
7.848294871512271342e-01
3.929445434899383471e-01
-3.512135981982966726e-02
-8.955931754779653531e-01
-4.687559521078490388e-01
2.625476727165261259e-01
2.007465453486083629e-01
9.187018627153689110e-01
-5.029642810899876970e-01
-1.870634871911081021e-02
0.000000000000000000e+00
1.404625819882987514e-02
-5.886999174790397138e-01
-9.786572863120075461e-01
