-8.171875234819607758e-01
-2.141219163266809833e-01
0.000000000000000000e+00
9.274944034672258919e-01
-3.822630070110279998e-01
-5.229053338101414816e-01
0.000000000000000000e+00
5.312548159487600063e-01
0.000000000000000000e+00
0.000000000000000000e+00
-3.004471388917318020e-01
7.145931638321156854e-01
9.698693630069012972e-01
0.000000000000000000e+00
2.012944811732957362e-01
6.568813890765001773e-02
5.820856461492143197e-01
1.130362100057924479e-02
-9.209766943507193826e-01
5.121702469145084091e-01
3.088746247618510132e-01
4.335030553653360652e-01
0.000000000000000000e+00
9.518538085018619643e-01
0.000000000000000000e+00
-4.348070043890617242e-01
-6.002519403034534129e-02
-9.582359155699826658e-04
0.000000000000000000e+00
6.937406150193712318e-01
-2.189125588021303415e-01
5.803183671957738987e-01
7.031683511455382174e-01
0.000000000000000000e+00
0.000000000000000000e+00
9.946036866001577437e-01
3.182545109859298282e-01
-4.905918486221905184e-02
-4.977076077300308654e-01
0.000000000000000000e+00
6.250085775324865089e-02
-7.108039639258492137e-01
8.749634186070243125e-01
7.500246059006956401e-01
-8.385114562764608426e-01
-2.420289023217057078e-01
3.202027349158633740e-01
6.276021805631692985e-01
7.870454546199723289e-01
-1.961250878770217643e-01
-8.569157656347872187e-01
6.345312082133078846e-01
1.362323771265152583e-01
-9.063041295510401163e-01
-1.674839503835223731e-01
5.630885734174011503e-01
2.760947564948643684e-01
3.137550657572105717e-01
0.000000000000000000e+00
5.475911275022313784e-01
6.889687275115752296e-01
-7.530555708765773737e-02
4.444176778771178338e-01
3.296783952658703942e-01
9.104826040942999299e-01
7.638499328633017171e-01
6.625813978983385866e-01
0.000000000000000000e+00
-4.557093088644721401e-01
0.000000000000000000e+00
3.997493624093946263e-01
4.430204970319733260e-01
-1.466202049987641587e-02
-7.613657226225809538e-01
9.360244895604561410e-01
0.000000000000000000e+00
0.000000000000000000e+00
-3.049387792645275042e-01
3.869722524375651673e-01
0.000000000000000000e+00
7.028932892412791400e-01
-8.212788666191654929e-01
-6.801872110857085652e-01
-9.802653170431510077e-01
0.000000000000000000e+00
8.852832870132849585e-01
0.000000000000000000e+00
9.977150358954456344e-01
8.054909375294820872e-01
0.000000000000000000e+00
1.643030817157240531e-01
-3.568487370729203079e-01
5.189640257602823326e-01
0.000000000000000000e+00
-1.012099598045392845e-01
-1.543993616400762825e-02
0.000000000000000000e+00
8.154911744416759589e-02
0.000000000000000000e+00
6.475435466897616621e-02
-2.287320253684501647e-01
-1.803637595349303346e-01
0.000000000000000000e+00
8.911489192568453621e-01
-1.899204026616587715e-01
0.000000000000000000e+00
-2.626735786995342270e-01
-5.960231724729114777e-01
8.583565026351664962e-01
0.000000000000000000e+00
6.691707564489723925e-01
1.364500677175306542e-01
0.000000000000000000e+00
-8.203138876301527826e-01
-2.389968050771125174e-01
9.038741502128568861e-01
6.730191329891737073e-01
6.215723192429301047e-01
2.717967258787974405e-01
3.657192092504961689e-01
-9.270718306503049622e-01
0.000000000000000000e+00
0.000000000000000000e+00
-3.247439582584228379e-01
4.461582676441868678e-01
-6.628785242535548683e-01
0.000000000000000000e+00
0.000000000000000000e+00
-6.836705930894337868e-02
4.071917142122272182e-02
0.000000000000000000e+00
1.441629891912277195e-02
5.125778591295313547e-01
-2.961162656551126204e-01
6.074420687401276275e-01
0.000000000000000000e+00
-2.692063811405724927e-01
-1.925038885513630227e-01
0.000000000000000000e+00
-9.763925083097733104e-01
2.188184441387985846e-01
9.735645212476011778e-01
0.000000000000000000e+00
-9.297820901446818276e-01
-1.994541210391380659e-01
-5.769367686978783549e-01
5.522059535732948277e-02
-4.473622387847371318e-01
5.831290854131079282e-01
-1.902932391599696516e-01
7.416177956377607572e-01
-6.229841354560838873e-01
-2.380322620714636628e-01
0.000000000000000000e+00
6.102992002622762424e-01
5.485618236504528067e-01
-2.997447080712789536e-01
-5.233176552938545445e-01
-1.345150598476998471e-01
-6.474333445033464418e-01
9.244401977626388600e-01
-6.898213832570647686e-01
1.158192230378765064e-01
0.000000000000000000e+00
0.000000000000000000e+00
-3.003727764049832771e-01
3.839351457678350510e-01
3.501013206811656175e-01
0.000000000000000000e+00
2.830610956060202188e-01
-8.919931205325972723e-01
-2.229441174578163931e-01
3.673391797388880775e-02
0.000000000000000000e+00
1.359072199049546903e-01
-3.898383793017639043e-01
0.000000000000000000e+00
-1.170179395988113491e-01
9.463333476399782285e-01
4.092990320155813766e-01
3.170583666291935110e-01
0.000000000000000000e+00
8.831846628575148461e-01
-1.513511359683565871e-01
-2.932140601218833353e-01
-1.387044417141527486e-01
-5.144640571950762631e-01
4.120112248767782148e-01
-9.407425191928859842e-01
0.000000000000000000e+00
8.887701846007580730e-01
3.146732563439922359e-01
2.394216680130287767e-01
0.000000000000000000e+00
-5.295846919016420351e-01
-5.118644046262614822e-01
-2.066150384262224193e-01
0.000000000000000000e+00
-2.358019377066848943e-01
2.473605084728043302e-01
0.000000000000000000e+00
-9.537963778259503922e-01
3.768530378322152430e-01
0.000000000000000000e+00
-3.917192084662886042e-01
0.000000000000000000e+00
-1.109953742057545600e-01
-9.710251080306029348e-01
0.000000000000000000e+00
0.000000000000000000e+00
0.000000000000000000e+00
0.000000000000000000e+00
9.225977787846832978e-01
6.274946978275957044e-01
-5.697673420298221547e-01
-9.423892157043494144e-01
-6.116959049235302093e-01
3.868977994040820878e-01
9.259537092640799383e-01
-3.407750727051892525e-01
-9.115012362974905802e-01
-5.507222827681388377e-01
7.941626640912839985e-01
-7.433464168078938172e-01
0.000000000000000000e+00
9.689513501294619857e-01
-1.870210658029720641e-01
0.000000000000000000e+00
3.051830009836984381e-01
9.384763783671052906e-01
-7.204443916977503193e-01
8.748757955306658562e-01
5.263706684839473127e-01
4.531196402842743165e-01
-9.492727750803466868e-01
0.000000000000000000e+00
0.000000000000000000e+00
6.791478092713782999e-01
-4.762987729899812450e-01
-8.285822185848930044e-01
6.266592606637675367e-01
0.000000000000000000e+00
0.000000000000000000e+00
6.257282173173404072e-01
3.010631057410144695e-01
-9.124343197467386091e-01
-5.211638107842286871e-01
-6.154218752847975260e-01
-1.522520074752029551e-01
7.527126031180242371e-01
0.000000000000000000e+00
-9.723395745426801628e-01
9.833234790720219998e-01
2.492456275178345226e-01
-4.552987666257939381e-01
4.696905351206115409e-01
-2.755915493682741246e-01
7.339720246469965126e-01
6.677175869679179421e-01
4.236789017593884932e-01
-5.036727950925639075e-01
0.000000000000000000e+00
4.298023107515804853e-01
2.662083929397374149e-03
-2.380132659240499216e-01
