-8.513359998752314528e-01
-5.982174426761115438e-01
7.635906635931379860e-01
-1.508838271331214287e-01
-9.071645693192318394e-01
-6.055138216441990906e-02
9.012234580080855650e-01
-4.456388128628159251e-01
1.908893415632029189e-01
5.216026151295791724e-01
-9.221113622659440345e-01
7.202573993658005769e-01
3.280765335490751777e-01
-8.462183497036355195e-01
-2.830931186541345568e-01
4.500867692824523925e-01
7.183425424649783064e-01
1.537360495143698103e-01
-8.028893788824262856e-01
-9.680380579835341504e-01
-1.873315564265034538e-01
5.270479177045175323e-01
-2.565799497522174288e-01
4.385813626227146322e-01
4.232050204048272146e-01
5.134804531745038592e-01
-8.687535150554146490e-01
3.071511923729646210e-01
-1.892323653067551348e-01
7.744422275662572464e-01
-2.665134519934377888e-01
8.486703466619416325e-01
-9.675997782033385342e-02
-2.921376039620187104e-01
-4.551031359531112486e-01
-7.868896740696069703e-01
6.094426529891705524e-01
5.857644521296601070e-01
1.888616535252580775e-01
-4.180726617571215442e-01
4.501274050555501560e-01
3.431157429016487015e-01
9.487753529416182996e-01
-8.510740162711167844e-01
-1.434418750277441923e-01
2.976118511773848674e-01
-2.717876359285378296e-01
-8.450450839556213900e-01
-2.301473674536218539e-01
6.578631742559448714e-01
1.979818655893215151e-01
7.966032656588026839e-01
7.758957648953039854e-01
-1.638139282168378230e-01
-1.998327810101840907e-01
-7.612842546027167590e-01
-9.915995277570408550e-01
-6.537920674466857207e-01
8.839344800140729319e-01
7.658596121421534786e-01
-8.714872497529255746e-01
-7.849640069848298207e-01
-5.669032073298434504e-01
4.815946831685298246e-01
-1.356718910673126999e-02
-5.595765865641433301e-01
-6.798119156985042988e-01
-5.727803058317899598e-01
1.051124994541232649e-01
3.451740897313970713e-01
-7.676112760376614386e-01
9.670040721068704492e-01
2.687272683992469879e-02
2.446381361558858103e-01
-5.591226428958886441e-01
-4.856103227579922077e-01
-9.111911851067537871e-01
-9.529492916580570849e-01
-5.295553830283017405e-02
-7.912369215392693889e-01
7.621942508663925864e-02
8.316515873628025357e-01
2.763300307841820569e-01
9.807205435018895301e-01
1.787956408978164102e-01
1.070560933290676253e-02
-7.683325935172624632e-01
-7.793343997392598865e-01
7.454131328755249086e-01
4.055498420467738008e-01
5.700831013686817883e-01
3.192562703530632540e-02
8.765942503995449719e-02
2.942277727158748579e-01
-8.143654897025618400e-01
9.171316144222640965e-02
-9.200368747248852674e-01
1.132904753126677821e-01
2.115256354536878547e-01
5.536541246134973893e-01
9.493329101921690327e-01
1.301691284500061663e-02
9.929873269173632444e-01
8.415173450906900943e-01
-3.599950903795416934e-01
-2.434687373536936761e-01
-5.185638874724114444e-01
-9.325661623581718018e-01
-1.109372010741334069e-01
3.141582289384503568e-02
3.780201140419161554e-01
8.709820687774616488e-01
7.645078307921937544e-01
1.856097652411334842e-01
-8.355676971449632617e-02
8.299583782519075470e-01
-2.252764450607704916e-01
-7.622285683990377425e-01
-5.148839909413727156e-01
-5.559292516390128558e-01
-4.486962659383644247e-01
-4.561059103365114886e-01
-5.134857787894133718e-01
1.100621267739727571e-01
-1.492741276089890601e-01
-8.927823728834605177e-02
-5.164951988916743897e-01
7.875766200502467562e-01
6.428209011672338935e-01
1.317529758180340238e-01
-2.272764003213927353e-01
-1.197090481164755360e-01
-1.824027926416738055e-01
9.011286879554067930e-01
4.122368582232025513e-01
3.278323539478273929e-01
3.057793759490425867e-01
2.516442017711812973e-01
-9.088999980716314653e-01
6.990912932289239379e-02
4.947595690459383189e-01
9.074854648584040895e-02
-1.648380129957818241e-01
3.721244521792437254e-01
-5.440678010651622820e-01
2.650304366446107895e-01
-1.521748456329756749e-01
1.497930212462119659e-01
6.687527999931568434e-01
2.945746314767812013e-01
8.391885842116313388e-01
2.541345062760456130e-01
-4.727753427912591011e-01
-1.739568432189049219e-01
-9.300179781142550173e-01
-2.099104065895975868e-01
-8.916761603136791337e-02
-2.579621050991818265e-01
9.219169146725831876e-01
-7.597214462977097682e-02
-4.235680939389667721e-01
5.745258199099110286e-01
6.468985386385845970e-01
-2.450278764937017240e-01
5.750086238311633569e-01
3.874483861660662498e-01
3.318231118606682628e-01
-6.921770833637042042e-01
-4.898413234017160445e-01
-6.770404796476525711e-01
3.712303262970209072e-01
2.711249980603418486e-01
-1.161845154753446963e-01
1.273290720954873834e-01
4.082516718446991266e-01
-8.567836908783694749e-01
-5.895450228573950735e-01
-9.945261387055970292e-01
-4.420820111994863133e-01
-4.032488884921929806e-01
-2.550834957249441537e-01
9.204439610497996416e-01
-5.687529433716753680e-02
-6.480940189306907406e-01
8.036482604313694988e-01
-9.988872830477286691e-01
9.112726766369878550e-01
1.660251647245747364e-01
2.905716336041510583e-01
-4.369805853044026467e-01
3.827885848802068391e-01
0.000000000000000000e+00
-5.893757248799966764e-01
-7.364370439939253998e-01
5.757348978318312938e-01
-5.014564396595615481e-01
-7.889330780535954712e-01
-1.622939568820402911e-02
0.000000000000000000e+00
0.000000000000000000e+00
-4.325808435224725024e-01
-8.309769149318189108e-01
0.000000000000000000e+00
0.000000000000000000e+00
0.000000000000000000e+00
-4.159698703628234018e-01
0.000000000000000000e+00
9.220131086167944190e-01
9.992092201501996396e-01
0.000000000000000000e+00
-3.790265325374915228e-01
-8.209344000291489696e-01
-5.038958041400998233e-02
3.150254657877511466e-01
2.164982045667229738e-01
-2.910091685195759226e-01
9.271810338944985741e-01
0.000000000000000000e+00
0.000000000000000000e+00
-1.488825248552603231e-01
0.000000000000000000e+00
-8.015950180325361885e-01
7.161274830335617736e-02
0.000000000000000000e+00
-5.341874968535529344e-01
2.484992092068296632e-01
-7.354836454316602268e-01
-7.704256354062954948e-02
2.141434422605912324e-01
-4.038113311573199304e-02
-6.971965227178038571e-01
-6.196191686469740834e-01
-2.500647228544394807e-01
3.040882965206479494e-01
-1.340311476377611388e-01
-5.983636959741229777e-01
-3.241369971476422140e-01
-3.829270387126719744e-01
0.000000000000000000e+00
1.780655422633972140e-01
-5.799930088232674308e-02
-3.489427428798799191e-01
-9.968120197931948923e-01
8.278213117784980479e-01
-9.093011020490926466e-01
0.000000000000000000e+00
-4.124879083551791226e-01
0.000000000000000000e+00
8.730472103107227433e-01
5.182681563894004917e-01
0.000000000000000000e+00
6.785451483271198736e-01
-9.350699778355822112e-01
-7.755137028284060374e-01
-7.764168915782108105e-01
1.266123494081361489e-01
0.000000000000000000e+00
2.534613685960951379e-01
0.000000000000000000e+00
5.045282077635979689e-01
0.000000000000000000e+00
-6.541440617427669579e-01
8.209248017475347936e-01
8.378819107996142712e-01
0.000000000000000000e+00
