-8.368693346551998591e-01
4.150554313170355947e-01
8.771432008948722991e-01
0.000000000000000000e+00
-9.538731441589463067e-01
0.000000000000000000e+00
-5.553660880975153091e-02
0.000000000000000000e+00
-1.331513659052767640e-01
0.000000000000000000e+00
4.934052861322588690e-01
4.679880668541354094e-01
0.000000000000000000e+00
2.378324210976483499e-01
5.359604624075851032e-01
7.612502442513366940e-01
-6.118338545547021834e-01
-9.250501315249552992e-01
0.000000000000000000e+00
2.479480754633898165e-01
7.394763273357836120e-01
6.870951185294917885e-01
-7.563173392383324423e-01
-4.551066052706131959e-01
7.007674217902419844e-01
1.096146787134764100e-01
5.728261622354433591e-01
0.000000000000000000e+00
0.000000000000000000e+00
-4.985708206708114876e-01
-8.528828396652552435e-01
-5.460438631297390710e-01
-2.231741003084903863e-01
8.314814903614544672e-01
-5.646788308183785521e-01
-1.778575957767492000e-02
-1.480310594158051885e-01
0.000000000000000000e+00
3.534868023976993623e-01
-1.742067692026496584e-01
0.000000000000000000e+00
-4.665195364732173111e-01
-7.525805341234805823e-01
9.844242588726797027e-01
-4.089915134371941985e-01
-6.438584005667227217e-01
-9.373438787256238580e-01
-6.902802518197357351e-01
1.919675581819946242e-01
0.000000000000000000e+00
0.000000000000000000e+00
4.408895523538418626e-01
-6.170858205631106763e-01
1.953378147680568944e-01
1.757184894314558488e-01
9.555639580602581784e-01
-1.702996113973889170e-01
-5.642621047169913417e-01
0.000000000000000000e+00
4.185047496018865498e-01
6.104073579053312937e-01
0.000000000000000000e+00
6.492870125918190904e-01
0.000000000000000000e+00
-2.372722962249507184e-01
-8.103134232035100748e-01
8.488791604618317610e-01
-4.928598389113327816e-01
9.817696858177256125e-01
-2.084253144666070590e-01
-7.709869338219377255e-04
0.000000000000000000e+00
-8.528991288223304323e-01
-2.867845166743090424e-01
-8.234431616805790721e-01
-2.769850547833030419e-02
0.000000000000000000e+00
2.165454296876447859e-01
7.648267586533674667e-02
8.416336126437731213e-01
-7.016386359005706286e-01
6.457803920011562226e-02
8.406472275423246820e-01
-5.633503669239492417e-01
0.000000000000000000e+00
-3.192840590033507731e-02
4.592674535199881003e-01
0.000000000000000000e+00
-8.976252041766517031e-01
0.000000000000000000e+00
1.910949053997392788e-01
7.848189182411442477e-01
1.291322461238666452e-01
4.446228238082317041e-02
-2.404072219155912737e-01
1.805853314184036051e-03
4.275505785822666383e-01
0.000000000000000000e+00
-3.072829154775049698e-01
0.000000000000000000e+00
-3.064986583517368413e-01
-4.935519246105510849e-01
-8.901115008481486068e-01
-1.906919476873334407e-01
2.181996105494434790e-01
1.835340616814207237e-02
0.000000000000000000e+00
5.395718610756214950e-01
0.000000000000000000e+00
0.000000000000000000e+00
1.116819503544415060e-01
8.995393880019066923e-01
0.000000000000000000e+00
-1.160052818565275867e-01
5.355739535905013060e-01
-4.080904469683457325e-01
5.892049907919354457e-01
-3.513624478922163785e-01
0.000000000000000000e+00
0.000000000000000000e+00
1.215803981243297471e-01
-3.890974365013257774e-01
-4.537786297901114096e-01
0.000000000000000000e+00
7.920636269148406683e-03
0.000000000000000000e+00
-1.602258846417321525e-01
1.002919495170051523e-01
-4.282136312264970268e-01
-6.620160180548793072e-01
6.658814984383010227e-01
3.633397987033804011e-01
-3.915248429093405313e-01
-1.876970475080359524e-01
1.197093053810140972e-01
-8.700620717378426683e-01
0.000000000000000000e+00
9.899626711277911273e-01
3.700756113792080804e-01
-6.797332633708053073e-02
-7.588066656157417267e-01
0.000000000000000000e+00
1.630988087646172424e-01
3.951342696926440912e-01
0.000000000000000000e+00
-4.616318598493089898e-01
-7.900982667134368587e-01
9.383698345082858161e-01
6.867398130251456401e-02
7.750135619486611116e-01
2.085915670433762248e-01
8.026496432828227334e-01
0.000000000000000000e+00
4.521067736482686783e-01
2.685054932177450837e-01
9.058700955715606185e-01
5.020523820327871256e-01
9.477114765030072441e-01
-1.677860971296987191e-01
-5.877083789985577678e-01
0.000000000000000000e+00
-8.741940804654912966e-02
1.129922015251743073e-01
3.785887339259688122e-01
-6.989599272521429540e-02
9.295140262329539826e-01
-1.893686453616887366e-01
-9.829817628612216307e-01
5.505413748338416902e-02
3.151121657128010956e-01
-5.160635042121752836e-01
4.842892559570555200e-01
-6.068122140895559902e-01
8.079239958866222260e-01
-1.082040416514746806e-01
0.000000000000000000e+00
2.270978332564750346e-01
4.476779941250155215e-01
-5.888107998645364383e-01
7.625009773920377043e-01
9.803832699896544156e-01
0.000000000000000000e+00
1.584472563298915393e-01
0.000000000000000000e+00
7.608802568891626095e-01
7.294670998117374072e-01
8.231106299708428331e-01
5.363292248881785795e-01
0.000000000000000000e+00
2.634784326949277666e-01
-8.825629755665767018e-01
-7.878623270395423983e-01
0.000000000000000000e+00
4.818674216478955330e-01
-4.120042949790456710e-01
-9.732627908290281127e-01
0.000000000000000000e+00
-3.400060232606447741e-01
-2.556955838614856091e-01
0.000000000000000000e+00
3.804531948436498112e-01
7.642497712797573506e-01
0.000000000000000000e+00
4.013555188571473753e-01
0.000000000000000000e+00
-5.566835679342823084e-01
5.164624302729612371e-01
1.615097677196219994e-01
2.884774882814018504e-01
0.000000000000000000e+00
-1.049123129688112055e-01
6.874995643202308493e-01
5.993776645938568848e-01
0.000000000000000000e+00
7.190127144844329354e-01
7.960858274301663151e-02
-8.751042197647549425e-01
5.796789839136218259e-01
7.602676461833215438e-01
-1.319341614605125113e-01
-1.410895239698544135e-01
-4.590474436774298894e-01
-6.119171436816872589e-01
6.929497026177733332e-02
-1.252951311329320028e-01
3.069199043997532517e-01
3.158567366650235630e-01
-6.123393473899370054e-01
5.400286867489014764e-01
-9.815803041045412236e-02
-1.855374780014358294e-01
-6.308657874576046876e-01
2.211071787046117176e-01
3.594733636443021574e-01
5.644259293507776221e-01
0.000000000000000000e+00
-3.014466402567013148e-01
9.257245774505618030e-02
2.290215129060586552e-01
-2.220775443789904102e-01
-9.799688906765235963e-01
4.577191651155709806e-01
7.986909153216836810e-01
-5.225302456211000646e-02
8.432442180940946663e-01
0.000000000000000000e+00
0.000000000000000000e+00
-2.068793851976149512e-01
2.776618513843058800e-01
-2.793316815662576502e-01
0.000000000000000000e+00
-5.944281399298703139e-01
-4.264800490117619525e-01
-1.762127718191881520e-01
-1.644917008574435791e-01
-1.670440555040284547e-01
8.854923158064866850e-01
0.000000000000000000e+00
0.000000000000000000e+00
-7.433441506829505663e-01
6.284419481561864806e-02
5.218175231188715291e-01
0.000000000000000000e+00
0.000000000000000000e+00
0.000000000000000000e+00
