-9.439905704904827388e-03
-8.280276070261094468e-02
-6.655553317194868868e-01
7.675563534583804692e-01
0.000000000000000000e+00
5.187469844913090711e-01
-5.192187964856633808e-01
4.433753528106387787e-01
3.902155274298473309e-01
5.484543046130549993e-01
-6.288617317998499434e-01
0.000000000000000000e+00
-8.760038996419394763e-02
-8.392834769848762644e-01
8.438578246378576342e-01
-3.884141904166014125e-01
7.915236781918602027e-01
-5.845002371970353661e-01
0.000000000000000000e+00
0.000000000000000000e+00
9.735420364114233394e-02
3.477978129604124558e-01
2.819659317000193788e-01
0.000000000000000000e+00
5.197350155585163112e-01
3.000666214379510421e-02
-7.105997849747229811e-01
0.000000000000000000e+00
-2.956911667512596154e-01
9.072253988053669005e-02
-6.834668476792613578e-01
0.000000000000000000e+00
-4.705399848914679772e-01
3.272882368657274998e-01
-9.528464403146377215e-01
-1.674208324229198297e-01
-1.964645030262268666e-01
0.000000000000000000e+00
-7.543792280461592004e-01
2.917602104585870215e-02
6.205861620663306599e-01
-1.836626184477549995e-01
9.121071393304858166e-01
-4.917298061141204268e-01
-9.928583559440040673e-03
-3.892621488088172654e-01
-4.369459142031775212e-01
-8.593152640788570551e-01
0.000000000000000000e+00
3.082458648004076096e-01
0.000000000000000000e+00
-4.628965051785383089e-02
-6.356527384615955345e-01
3.206954914445439009e-01
8.686832399603616750e-01
1.139916162032035274e-01
-4.738349625086377692e-01
4.565217865821535881e-02
0.000000000000000000e+00
6.385580900579979069e-01
2.539887046878097632e-01
4.831488547026958624e-01
-9.362988339205016164e-01
-7.255027562378091321e-01
0.000000000000000000e+00
-9.921873033887873561e-02
-2.066281662753133297e-02
-9.650636129826062337e-01
6.394590247580207443e-01
9.448860187594476656e-02
4.629351604740303827e-01
9.319976395979117090e-01
5.287692940392259011e-01
0.000000000000000000e+00
2.764648486236167546e-01
4.998179718500495028e-02
5.356871197007249119e-01
5.652886286849450048e-01
-4.029189706987130748e-01
6.096056078386600241e-01
-7.016386359005706286e-01
6.457803920011562226e-02
8.406472275423246820e-01
-5.633503669239492417e-01
7.819992197669956013e-01
-3.192840590033507731e-02
4.592674535199881003e-01
-6.972250120307963428e-01
-8.976252041766517031e-01
0.000000000000000000e+00
0.000000000000000000e+00
7.848189182411442477e-01
1.291322461238666452e-01
4.446228238082317041e-02
0.000000000000000000e+00
1.805853314184036051e-03
4.275505785822666383e-01
7.340577097794547257e-01
-3.072829154775049698e-01
0.000000000000000000e+00
-3.064986583517368413e-01
-4.935519246105510849e-01
-8.901115008481486068e-01
-1.906919476873334407e-01
2.181996105494434790e-01
1.835340616814207237e-02
-1.037392747409469074e-01
5.395718610756214950e-01
-9.353858207107301759e-02
3.820953798431687698e-01
1.116819503544415060e-01
0.000000000000000000e+00
-3.342102146445702360e-01
-1.160052818565275867e-01
5.355739535905013060e-01
-4.080904469683457325e-01
5.892049907919354457e-01
-3.513624478922163785e-01
0.000000000000000000e+00
9.183250129051989674e-02
1.215803981243297471e-01
-3.890974365013257774e-01
-4.537786297901114096e-01
0.000000000000000000e+00
7.920636269148406683e-03
0.000000000000000000e+00
0.000000000000000000e+00
1.002919495170051523e-01
-4.282136312264970268e-01
-6.620160180548793072e-01
6.658814984383010227e-01
3.633397987033804011e-01
-3.915248429093405313e-01
0.000000000000000000e+00
1.197093053810140972e-01
-8.700620717378426683e-01
2.297449110183742427e-01
9.899626711277911273e-01
3.700756113792080804e-01
-6.797332633708053073e-02
-2.504802229544236258e-01
0.000000000000000000e+00
1.929153545398731850e-01
-7.467874972525860855e-01
8.693888702179661809e-01
4.474193761987508289e-01
0.000000000000000000e+00
8.340299820392211849e-01
2.108605248213495376e-01
-2.976095207321449720e-03
0.000000000000000000e+00
-7.377838198920350088e-02
9.097988456869929852e-01
4.986474873984567679e-01
0.000000000000000000e+00
3.638635207474234523e-01
-7.642630840497062206e-01
-6.090572953643282883e-01
4.816513380304376923e-02
4.282543101521030238e-01
-5.488839728750241065e-01
-1.984218558120192100e-01
0.000000000000000000e+00
0.000000000000000000e+00
5.489011893858630753e-01
4.932093364271481484e-01
2.627217163417736590e-01
7.311092890426145186e-01
2.280726239237100827e-01
8.111617744992261070e-01
8.236067681384231509e-01
3.133256795061796218e-01
-7.376588633185869881e-01
0.000000000000000000e+00
1.615000398759716127e-01
-4.937538805094596750e-01
-5.102856387129062199e-01
7.774687981558294769e-01
0.000000000000000000e+00
5.120075533592929329e-01
-3.334086455705012053e-01
-5.382537184605089564e-01
2.874306388416427716e-01
0.000000000000000000e+00
3.042775609659211788e-01
0.000000000000000000e+00
5.909869117318788945e-01
9.375364669149988117e-01
8.243343968436047664e-01
6.226282699820513411e-01
1.489569337048000097e-01
2.506165675840543727e-01
-1.153509572823792073e-01
3.380923656237699859e-02
4.857090944878661443e-01
0.000000000000000000e+00
-9.812771752907836209e-01
-2.020627002915931225e-01
-8.121412983301099509e-01
-2.807174774972749365e-01
3.939608183844249822e-01
2.228008416542215375e-01
2.500212868649041020e-01
1.777683792390627460e-02
5.121648757049368506e-02
-8.132814877466894021e-01
-3.864953353939799552e-01
-6.261342395188995713e-01
-5.442994882527840694e-02
-7.639226302411896707e-01
-1.909316560425899922e-01
-7.984531163776824592e-01
-1.426629722288210722e-01
-2.945876677388008513e-01
2.211564690786611553e-01
4.148453489507741843e-02
-8.301464811732921500e-01
-2.442079792492988233e-01
9.039198918440096708e-01
0.000000000000000000e+00
0.000000000000000000e+00
5.088954704214829761e-01
-8.222125534659332491e-01
6.061731939957537563e-01
-3.491097409824761577e-02
-4.927869411475409578e-01
0.000000000000000000e+00
-3.769065871575527638e-01
3.228840719926739933e-01
-9.914527013790825904e-01
3.722748867855105726e-01
2.526970512379840272e-01
-2.060451686325364129e-01
-2.191741618512244028e-01
-4.180104690604105055e-01
-4.715258774670716413e-02
-2.911769186293027278e-01
8.182053496116512559e-01
5.103867086223916605e-01
6.298746955936020964e-01
-6.938216322559176419e-01
3.714421432757919472e-01
5.825358048577689019e-02
-6.065255695746480935e-01
5.202010320492886919e-01
-7.399846290023937012e-01
3.251370042247774261e-01
4.807158704372649360e-01
0.000000000000000000e+00
-5.646645786258996935e-01
-9.144893406668843649e-01
-9.723395745426801628e-01
9.833234790720219998e-01
0.000000000000000000e+00
-4.552987666257939381e-01
4.696905351206115409e-01
-2.755915493682741246e-01
7.339720246469965126e-01
0.000000000000000000e+00
0.000000000000000000e+00
0.000000000000000000e+00
0.000000000000000000e+00
4.298023107515804853e-01
2.662083929397374149e-03
0.000000000000000000e+00
