-8.171875234819607758e-01
-2.141219163266809833e-01
-4.059863848038847145e-01
9.274944034672258919e-01
-3.822630070110279998e-01
-5.229053338101414816e-01
-2.381650656199891802e-01
5.312548159487600063e-01
-2.856583903296039395e-01
8.645508647130029090e-01
-3.004471388917318020e-01
7.145931638321156854e-01
9.698693630069012972e-01
-7.197781941794154648e-01
2.012944811732957362e-01
6.568813890765001773e-02
5.820856461492143197e-01
1.130362100057924479e-02
-9.209766943507193826e-01
5.121702469145084091e-01
3.088746247618510132e-01
4.335030553653360652e-01
-8.154960832985369557e-01
9.518538085018619643e-01
-6.425627856930826720e-01
-4.348070043890617242e-01
-6.002519403034534129e-02
-9.582359155699826658e-04
-3.296568565526278860e-01
6.937406150193712318e-01
-2.189125588021303415e-01
5.803183671957738987e-01
7.031683511455382174e-01
-4.240332834005962059e-01
-7.942375652406217235e-01
9.946036866001577437e-01
3.182545109859298282e-01
-4.905918486221905184e-02
-4.977076077300308654e-01
5.579286687515232490e-01
6.250085775324865089e-02
-7.108039639258492137e-01
8.749634186070243125e-01
7.500246059006956401e-01
-8.385114562764608426e-01
-2.420289023217057078e-01
3.202027349158633740e-01
6.276021805631692985e-01
7.870454546199723289e-01
-1.961250878770217643e-01
-8.569157656347872187e-01
6.345312082133078846e-01
1.362323771265152583e-01
-9.063041295510401163e-01
-1.674839503835223731e-01
5.630885734174011503e-01
2.760947564948643684e-01
3.137550657572105717e-01
9.296315766318601348e-01
5.475911275022313784e-01
6.889687275115752296e-01
-7.530555708765773737e-02
4.444176778771178338e-01
3.296783952658703942e-01
9.104826040942999299e-01
7.638499328633017171e-01
6.625813978983385866e-01
-5.574370364998124661e-01
-4.557093088644721401e-01
-1.099316586790775041e-01
3.997493624093946263e-01
4.430204970319733260e-01
-1.466202049987641587e-02
-7.613657226225809538e-01
9.360244895604561410e-01
3.179890161551095495e-01
9.240127599465552954e-01
-3.049387792645275042e-01
3.869722524375651673e-01
-3.782447021350729965e-01
7.028932892412791400e-01
-8.212788666191654929e-01
-6.801872110857085652e-01
-9.802653170431510077e-01
7.112968631503224781e-01
8.852832870132849585e-01
1.067959122763926239e-01
-6.351797855344054611e-01
-4.009008433863536780e-03
-3.030929315967814119e-01
-8.319542004860047690e-01
-1.336494089168953625e-01
1.039739640025243439e-01
7.024885440401484882e-01
-7.943864998548975098e-01
-4.247593098121440480e-01
-9.918579365136959147e-01
-5.828364972706914227e-01
-4.672232857645524096e-01
6.400933150218224288e-01
8.773988308516467161e-01
-5.699628936493306153e-01
-3.536401865640237396e-02
4.747600480709812665e-02
-1.839036566375740200e-02
9.184893929983004579e-01
9.001709821255334809e-01
-9.229580713842640005e-01
-1.838441663189387398e-01
5.631309186694344326e-02
2.999971202776838819e-01
6.064479375779585624e-02
6.403367135592108461e-01
-8.028560362082262092e-01
-7.763204683403346351e-02
6.607749113211001113e-01
-6.586158192504463216e-01
-6.526747152290179876e-01
2.329870603045334221e-01
-7.098784786994631890e-01
9.062863665152254278e-02
-7.512589914145426651e-01
-6.262969221542153964e-01
-3.314712386395848309e-01
5.662108369860372470e-01
2.223240098948686683e-01
2.166444550955348713e-01
2.555198640726725756e-01
-2.064988266842782139e-01
9.523704290313608212e-01
1.904764708448301036e-01
2.572343964819572282e-01
-8.654408668093671597e-01
-5.004012712741399138e-01
1.717769341962476215e-01
9.117107889086044636e-01
9.590918542878439368e-01
-2.592649989908972774e-01
4.666078643249327307e-02
-7.377942572324578396e-01
5.372548479333361104e-01
-2.897460784171626003e-01
-4.287591258533376415e-01
6.284519338982414993e-01
3.912225964583884164e-01
1.492273641561010500e-01
4.299440100076858950e-01
-7.294657517818821102e-01
4.186660981047263252e-01
1.462836155713733710e-01
2.454238205575338672e-01
-3.507804961112401809e-01
-9.843727860136208818e-02
-8.139861731308717374e-01
-8.471296193922150941e-02
-4.979385321537233011e-02
1.287776600984689157e-01
-1.558047116096483720e-02
2.233808850402552171e-01
9.712559991507485613e-02
9.925153729250124623e-01
-6.813548486628624445e-01
2.952003011143011779e-01
4.885421043557056642e-01
5.698209821489070848e-01
-6.544653827066770901e-01
-4.846632062542024499e-01
4.099863036515833947e-01
2.524728964186924163e-01
-3.535575369695906911e-01
6.335277887060350999e-01
-1.137923606354507289e-01
-4.794124772819343683e-01
-6.371538353129335697e-02
-5.725793731025359268e-01
4.912777005655410978e-01
9.334398250296331856e-01
4.454973196459248719e-01
1.528190696796760673e-01
-8.069716723475257592e-01
8.933970104890014419e-01
7.434397573030278039e-01
6.594709413029711254e-01
4.528896028918538708e-01
-8.433424771585431579e-01
-3.660409489091625002e-01
-2.788257459945486794e-02
2.031025127850603074e-01
-5.779486103682018872e-01
7.670306200140295516e-01
-1.535435748628732888e-02
4.489857715545066963e-01
7.695863104709730340e-01
-4.888261290721591656e-01
-6.117371674951985749e-01
1.610711489704468313e-01
-7.586220049318859182e-01
-9.433369522803687346e-01
-9.296496557616640288e-01
5.636742483122203495e-01
6.824677425012477539e-01
-2.306595796260018094e-01
-6.341306951709735351e-02
1.425473106466559337e-01
-3.917192084662886042e-01
1.760075191798120553e-01
-1.109953742057545600e-01
-9.710251080306029348e-01
-5.344609123054342437e-01
9.392411335369772463e-01
-3.390599086716907795e-01
-8.042150491262496370e-01
9.225977787846832978e-01
6.274946978275957044e-01
-5.697673420298221547e-01
-9.423892157043494144e-01
-6.116959049235302093e-01
3.868977994040820878e-01
9.259537092640799383e-01
-3.407750727051892525e-01
-9.115012362974905802e-01
-5.507222827681388377e-01
7.941626640912839985e-01
-7.433464168078938172e-01
-6.863914094952261458e-01
9.689513501294619857e-01
-1.870210658029720641e-01
-7.140042502496344312e-01
3.051830009836984381e-01
9.384763783671052906e-01
-7.204443916977503193e-01
8.748757955306658562e-01
5.263706684839473127e-01
4.531196402842743165e-01
-9.492727750803466868e-01
-1.711829677619889356e-01
5.109426982875309164e-01
6.791478092713782999e-01
-4.762987729899812450e-01
-8.285822185848930044e-01
6.266592606637675367e-01
-5.033008410717185743e-01
4.179665798528160447e-01
6.257282173173404072e-01
3.010631057410144695e-01
-9.124343197467386091e-01
-5.211638107842286871e-01
-6.154218752847975260e-01
-1.522520074752029551e-01
7.527126031180242371e-01
-3.992715513630336055e-01
-9.723395745426801628e-01
9.833234790720219998e-01
2.492456275178345226e-01
-4.552987666257939381e-01
4.696905351206115409e-01
-2.755915493682741246e-01
7.339720246469965126e-01
6.677175869679179421e-01
4.236789017593884932e-01
3.068461548306293807e-01
9.252279811658616904e-01
1.764655702593780351e-01
1.905026495904214023e-01
-1.400740563520710413e-01
