-4.903782237511816744e-02
1.367420153107158920e-01
3.598527292031259428e-01
1.328662094961139406e-01
-5.104804377738297871e-01
-4.737192313662033083e-01
-8.279623939103433750e-02
1.614469317527331693e-01
-1.703816141310310339e-01
-8.865289772069836483e-01
-2.080437229638565366e-01
-8.305665845497023358e-01
1.185759138025075099e-01
4.740234423795580687e-01
-1.701652927158761597e-01
3.633159900497250350e-01
-2.450892190639242796e-01
7.197893743998455829e-01
3.735208629063426211e-01
-2.945186788577704995e-01
4.825344375832444910e-01
7.181429095900078163e-01
-1.163185769362027888e-01
5.074711389663562056e-01
3.350365476001539999e-01
-7.097073364740484891e-01
4.627721080991443192e-01
-2.079655908446572110e-01
1.467114369506760108e-01
-6.941799768961124384e-01
-5.657046420393043729e-01
-3.555390215183316105e-01
-5.610501201411765004e-01
-6.972582400451472484e-01
-5.273033520359345916e-01
2.345269457620166864e-01
-7.110462263567463026e-01
-4.776090702674314903e-01
-1.326652299442777905e-02
6.018076321448058152e-01
-3.153830703851778772e-01
-4.052181780855306226e-01
-1.546055511164216301e-01
1.489789559251196438e-01
4.445928097678703006e-02
-1.000000000000000000e+00
-1.973475852788683371e-01
7.121991000119861637e-01
-4.394869289650395472e-01
-7.607293806757692289e-01
-2.941082048527685622e-01
-3.495321717461588040e-01
-1.000000000000000000e+00
8.228251517043970731e-01
-4.221618547670412114e-01
4.159460174013182576e-01
-3.158370750467039134e-02
7.267920480050575893e-01
2.232731226418194215e-02
1.148084828070731339e-01
-1.408278701134496880e-01
1.696233427548370920e-01
1.766151570384699165e-01
-3.239633867226459074e-01
3.379393209230510120e-01
-3.899139422066617566e-01
-2.337436482321496312e-01
4.202077539276752871e-01
-9.135230760281334295e-01
6.871262106437162620e-01
-6.160968109150395389e-01
-7.727907058744111490e-02
-8.821677552416962165e-02
1.747100680976142462e-01
1.000000000000000000e+00
-9.353169045299536410e-02
-2.990300002540032670e-02
3.720272202293128383e-01
-3.573558572213867413e-01
-7.097427464222550997e-01
4.348583548691867806e-01
-6.652143860097141648e-01
-8.872885044986147385e-01
-3.997509862285792553e-02
2.648376563641177128e-01
3.747382413646266341e-02
4.160051018498718278e-01
5.744662916832410371e-02
7.124656832659940209e-01
-1.500628690891153694e-01
-1.280834910367838197e-01
-7.014503865041390451e-01
2.319979573241762461e-01
1.115962311202925994e-01
-1.017699038961649705e-01
1.042676098820834590e-01
-3.245102206500357633e-01
4.628730904148440906e-01
5.066658568819203401e-01
-8.046162561891459508e-02
-3.379403059510138196e-01
4.291570238459171405e-01
-2.281153644971603556e-01
-1.102621357561187065e-02
-3.140470421559141134e-01
4.732052653740294601e-01
-4.555795456213437289e-01
-5.891994162772611343e-01
9.334768499719008072e-02
5.095340122352177703e-01
-5.033619004879481551e-01
1.000000000000000000e+00
4.118523148330379691e-01
-2.707473511691729229e-01
2.668465696803294929e-01
1.000000000000000000e+00
2.565694974941807871e-01
-9.494927717655896049e-02
-6.462932593952627203e-01
-7.918502712912538488e-01
-1.000000000000000000e+00
-2.958325187450133731e-01
-4.519015951285125787e-01
1.000000000000000000e+00
-8.059081194029653616e-01
-7.524116318341178555e-02
1.208835176058703498e-01
-1.042772865511759767e-01
2.321331756024734294e-01
2.457798108260129677e-01
-2.384479769663763737e-01
1.000000000000000000e+00
1.080762891306713547e-01
-3.631889178640161642e-02
-2.717732400570149198e-01
5.983683520983258397e-01
4.111137325247137819e-01
3.677114758675867900e-01
-2.578207225187497675e-01
2.996273510668654438e-01
6.545288218261002822e-02
-5.278365010375605237e-01
-9.419429111502611862e-01
1.000000000000000000e+00
-3.988561733232163786e-01
-8.177914754402337838e-01
-7.289473583268486490e-01
5.085404554770741603e-01
8.926092856787198881e-02
3.271798004885317912e-02
-7.740694481542917949e-01
-1.000000000000000000e+00
-5.595288072739444951e-01
-3.625922726524877238e-02
-1.266162654513470764e-01
1.629212878066275960e-02
3.835687217550731720e-03
-3.286801212080040502e-01
-4.179524455192781263e-01
4.341971772680535691e-01
6.386157689191888920e-02
-6.990579964090781750e-01
-4.532198998695220471e-01
7.173457554003146441e-01
3.161584379516346743e-02
-8.329005959555233485e-01
-6.221675659497345467e-01
6.010554994958483555e-01
-2.181871887726259396e-01
3.006605444368425362e-01
-8.869709266518530644e-01
1.565578302173759595e-01
-3.862396592473100188e-01
-7.975852338580638468e-02
-1.373676273438003970e-01
-1.546359539680124406e-01
5.606002398101617157e-02
-1.000000000000000000e+00
-2.150927559137836564e-01
-5.703742540485696733e-01
7.007029762208469292e-02
-1.008622707238764349e-01
-2.183181740283260119e-01
2.344880548800173936e-01
-2.816736046632258850e-01
6.628398851594661245e-01
1.675916011630972646e-01
-4.167504679098373854e-01
-1.520976906673633389e-01
3.743098435092573339e-03
6.379412926366809788e-01
-4.386346567138326713e-01
2.918062800380322175e-02
4.319354826312124529e-01
-6.301132564314054774e-01
-6.739356939591805151e-01
1.000000000000000000e+00
-9.776709303120822980e-01
2.715271715876867997e-01
-3.794912342804471761e-01
2.172081857244861913e-02
7.168611211185544896e-01
-1.887916211202362582e-01
-3.186799721933898377e-01
1.584016137223717979e-01
-1.076782123808056740e-01
-8.404583202120163854e-01
3.366336332387468433e-01
-6.457408476860586610e-01
4.518259457407582114e-02
2.202728442954390298e-01
-5.347416959416936844e-02
1.000000000000000000e+00
8.994933816468518861e-01
1.375522423445628695e-01
-1.000000000000000000e+00
5.217015376709187580e-01
-2.904006248781798027e-01
-7.292560879537500762e-01
3.354228072558593787e-01
-3.447663831180252658e-01
9.530991510773523245e-03
1.077599944164260581e-01
-1.375552282879938248e-02
-6.621876580263901246e-01
6.816835543012966792e-01
-8.391735808341999059e-02
1.380046115542180041e-01
-3.615623116062421927e-02
7.103642562917196202e-01
-1.000000000000000000e+00
4.459087121480730942e-01
6.823761211460749321e-01
-1.814576595887552046e-01
5.779791245420825563e-01
5.645137685329243427e-02
7.643919131962223501e-02
-2.395646457545843044e-01
2.763240926613694248e-01
-2.393496876302080856e-01
5.989699042297988996e-01
6.818303787298073404e-01
-9.194703912931352363e-01
8.048838165288463298e-01
7.615205557002664438e-01
1.000000000000000000e+00
-2.538161114374421490e-01
-1.935557733924060386e-01
-1.000000000000000000e+00
2.636415263181468016e-01
-6.446874840349925417e-01
-8.591276631162125810e-01
2.763874673728416442e-01
-2.869014269367927694e-01
-5.693337183768919507e-01
-2.463234112342361504e-01
-9.072992633037180177e-03
4.112928480834077138e-01
-5.559631471174194539e-01
-8.747552774256170949e-01
-2.190265923253577607e-01
-4.172302057021072264e-01
-3.505130145984203249e-01
7.950833158049190885e-01
1.658755504958684679e-01
