-8.277012868022013414e-01
7.910007041894606683e-01
9.772740574152849469e-01
2.961641555662721803e-01
-7.429699901653132876e-01
-4.072349609346084254e-01
-5.366007133066184043e-01
3.414646518998833979e-01
3.621980149956740558e-01
-1.223083261768440622e-01
4.798953662795302222e-02
-7.758594728109518002e-01
8.178649822900130317e-02
8.998774434456049409e-01
5.115546051220578594e-01
-8.076910774582084507e-01
3.300272298754691747e-02
4.307296352709226728e-01
-4.854789649014785713e-01
7.897932999955290523e-01
-7.811807174405616117e-02
4.064624195463515388e-01
-1.916732210745186737e-01
9.902660751127183580e-01
5.656314755132452188e-01
1.468808014530609274e-01
-7.104699542126178269e-01
-1.176334810425567756e-01
-9.412301807145504462e-01
1.903283504136106252e-01
7.636350354068464075e-01
-6.391510159841702343e-01
2.034300645548592357e-02
-3.508334943726465482e-02
-1.901706419330611020e-01
4.209201593882958559e-01
8.733398379705175074e-01
4.107850737561058452e-01
-5.500164091427994784e-02
9.239548228320169088e-01
-3.385449988654321007e-01
4.912255095238768909e-01
3.169700515480853298e-01
5.232177498888972433e-01
7.041464556126182384e-01
-5.500022391549572731e-01
2.424980579000068914e-01
-1.945522305922167128e-01
3.339437601351085139e-01
9.544681292911887383e-01
2.696616934980433644e-01
-9.767884118417806683e-01
-7.090238446633101432e-02
4.231529668973865732e-01
7.664418737040101792e-01
3.001700666154742958e-01
6.321398033861798105e-01
-9.657252072852600122e-01
8.864591302950262097e-01
4.589272673318909312e-01
2.128879038361555232e-01
8.106460603400946763e-01
7.693594541041379742e-01
-7.990852387251832223e-01
6.312424325603742670e-01
5.340014815567719619e-01
-6.009239066480136504e-01
4.884913850037331251e-01
1.724548873338502819e-01
-6.170111523597892056e-01
6.083787919867913452e-01
-7.242537437605218731e-01
2.246474128767237399e-01
-1.312040316752163260e-01
-4.926177782797633853e-01
1.321892466182532644e-01
-6.582624148258942043e-02
-5.900050107779228892e-01
9.335615748190795316e-01
-8.543492652440427548e-01
-9.939254238355561544e-01
-2.915374140193760510e-02
6.743829946084027860e-01
3.168041268802386234e-01
5.093391774827467078e-01
-2.999909333981976012e-02
3.496047097779746426e-01
-3.302187255128372634e-01
-4.661094713580327120e-01
5.801416342268606030e-03
-9.449443670051262956e-01
-8.403828201668890330e-01
5.079194806163942477e-01
-6.526007241066669184e-01
5.005114516394995050e-01
5.687519609589766212e-01
-1.910181007490623362e-01
3.499863687922364353e-01
5.748445813869993426e-01
7.280482011968429923e-01
-7.302594921875082967e-01
-6.748597100454183373e-01
-2.366731615022461543e-01
-7.068661338571446962e-02
-8.341936451908489314e-01
9.091243306914953415e-01
-9.493105703461979239e-01
4.588470148836081286e-01
-9.577102605536986779e-01
-4.886198918851147877e-01
6.267087748045516715e-01
-6.857634226264501809e-01
-6.325223814980476256e-01
3.829908520271814165e-01
-2.288682372948789290e-01
-9.136780084050013517e-01
9.800030924056022386e-01
-6.971597824868969173e-01
-9.274620115131719800e-01
-3.115979889264106628e-01
2.304789666497151224e-01
4.849192462515592439e-01
-7.737701939638461646e-01
-3.255724536067094999e-01
-9.383782847466228816e-01
-1.026934750154120390e-01
5.319398731761562082e-01
4.798933274414010075e-01
8.040403167000735873e-01
5.113243073501285707e-01
7.248915526508556972e-01
4.106902801015310800e-01
-5.444097580337459164e-02
-5.489448593042247637e-01
3.216569973140277483e-01
-3.673881465434816196e-01
-7.959017899006035623e-01
-1.043562771616977081e-01
7.495260826959346812e-01
-7.449270707624242593e-01
1.699113962212148721e-01
-2.140948997896652273e-01
2.960539352835422910e-02
-7.123410720461120782e-01
9.194623729743216511e-01
-4.818071534955890023e-01
2.121558781070054245e-01
-1.604889086885061822e-01
-9.639335617501467723e-01
1.159002476781598734e-01
-7.188612420773314859e-01
-8.864380083536071986e-01
-9.328875075027061037e-01
-6.776699696375316773e-01
-8.082561127336336249e-01
2.701513950773337669e-01
1.651836807128725937e-02
9.669321880950554338e-01
8.682606373936134769e-01
9.890504665190062994e-01
-5.350523186643798557e-01
-1.106050897606065675e-01
-4.984384763176856747e-01
1.824746910959960111e-01
2.483281015095646360e-01
6.004149112687926504e-01
4.189966076586992827e-01
-4.867814230239300155e-01
-1.539661544749568733e-01
5.237988756116918054e-02
-9.903504378927432406e-01
-9.290011765844707892e-01
-1.825471645558514044e-01
-7.776500655400480078e-01
4.475393457386098728e-01
-5.182689711166734714e-01
-8.004538264900180611e-01
-6.364798433991494253e-01
-5.369491412457183532e-01
-5.652927305632815536e-01
4.147272809579494179e-02
-7.119377771231949481e-02
-3.805478582451740088e-01
2.835175153613493926e-01
-5.751005160110205239e-01
8.131253534633648972e-01
9.262333096584753900e-01
4.578620911550486117e-01
-1.325322624206699551e-01
2.300268443409536623e-02
1.621526120803189475e-01
-8.975305127883399514e-01
-1.639672230350872617e-01
5.012906463952360170e-02
-6.375498783496569288e-01
-8.124264230833633249e-01
6.053104174107721835e-01
-2.676320669132041807e-01
3.841938019797108694e-02
8.429006951837385575e-01
2.210206742060605301e-01
-4.208384649396734734e-01
9.670421471066374952e-01
-2.555465801317318153e-01
-9.618897903807908101e-01
3.706213446297390579e-01
-7.976762487736863694e-01
-3.881552785874702316e-01
6.812233742376816448e-01
3.451435092895320800e-01
-9.685558555713236206e-01
-9.715308159603530669e-02
-1.786512488529861109e-01
-2.827411199599771940e-02
-5.835062132844046623e-01
1.774901243084165969e-01
-8.524213730494940577e-01
-4.312812980392282114e-01
-2.541957899060640624e-01
8.705408680970221358e-01
-8.469035592799594170e-01
5.099682284957973710e-01
-6.152817440663522763e-01
1.431054826586617423e-01
-2.164380592715045015e-01
-7.355123550198516824e-02
5.071610114714366624e-01
-2.099148796842742470e-01
-7.565410397326608472e-01
-7.564598005569200811e-01
-8.389785644927403307e-01
7.001417478096958469e-01
2.819831876621301525e-01
9.193371267916243816e-01
3.853050933092991848e-01
-9.506624546917978869e-01
3.183193276878368838e-01
5.544238692995973050e-01
4.470365599662593503e-01
-4.100959140765025879e-03
-2.848307645380563358e-01
-8.592857209643001148e-02
5.974441673593595681e-01
-4.621150123446948754e-01
5.260748961260031109e-02
-4.488091588695630740e-02
9.093936939226616722e-01
6.086999538386754782e-01
8.641077204364768782e-01
6.720111471447880458e-01
-4.064726621706513665e-01
-5.367452776968550943e-01
-2.242105310327313639e-02
-4.811893172776535721e-01
-1.446923360881429144e-01
3.582804307222977602e-01
8.371604544566704220e-01
1.718011606902014599e-01
6.357065077982999579e-01
-8.081053782826683740e-01
-2.878855440596583826e-01
9.954960427472614448e-01
-7.069979040875371545e-01
-1.664639130502225672e-01
-8.663212090943677168e-01
