8.092140722857568136e-01
-8.277859760159571589e-01
6.680861945513221212e-01
4.410306754558370734e-01
-6.453967064805443687e-01
3.234747645321507381e-01
2.422646533650123502e-01
4.193678509043980984e-01
7.424390236343159089e-02
-3.726381491226762321e-01
5.185562927523257315e-03
-5.244810331190532526e-01
-8.935317884060256510e-02
-1.878263286360410955e-01
-7.866351855749689204e-01
-5.358620874919635124e-01
-3.112454547439977848e-01
-2.126627561711829095e-01
1.265467869798471146e-01
4.935173662181504550e-01
-4.818541652977403889e-01
1.093748396722524774e-01
-3.243916120665770730e-01
-5.466761284550285538e-01
-7.203543757296817507e-01
9.196288307125670691e-01
8.646274019519137877e-01
6.616950622227082413e-01
-6.569068373462383370e-01
-6.979847700434420599e-01
-7.913324140771769155e-01
-3.990748857873336330e-01
-1.475114753316868477e-01
-9.852049930322477334e-01
-1.557515561361655365e-01
3.784711524245805148e-01
6.679376368648288764e-01
-6.202612603621742160e-01
-9.963831574813737380e-01
5.899003722822340201e-01
-2.396443364235307794e-01
-3.725954763963692518e-01
-6.907255921604411597e-01
-4.632520101490493758e-01
-4.674792169060248970e-01
-4.861727421048962494e-01
-5.343677853788142418e-01
3.492779950239555120e-02
7.870454546199723289e-01
-1.961250878770217643e-01
-8.569157656347872187e-01
6.345312082133078846e-01
1.362323771265152583e-01
-9.063041295510401163e-01
-1.674839503835223731e-01
5.630885734174011503e-01
2.760947564948643684e-01
3.137550657572105717e-01
9.296315766318601348e-01
5.475911275022313784e-01
6.889687275115752296e-01
-7.530555708765773737e-02
4.444176778771178338e-01
3.296783952658703942e-01
9.104826040942999299e-01
7.638499328633017171e-01
6.625813978983385866e-01
-5.574370364998124661e-01
-4.557093088644721401e-01
-1.099316586790775041e-01
3.997493624093946263e-01
4.430204970319733260e-01
-1.466202049987641587e-02
-7.613657226225809538e-01
9.360244895604561410e-01
3.179890161551095495e-01
9.240127599465552954e-01
-3.049387792645275042e-01
3.869722524375651673e-01
-3.782447021350729965e-01
7.028932892412791400e-01
-8.212788666191654929e-01
-6.801872110857085652e-01
-9.802653170431510077e-01
7.112968631503224781e-01
8.852832870132849585e-01
1.067959122763926239e-01
9.977150358954456344e-01
8.054909375294820872e-01
-2.100122154689281206e-01
1.643030817157240531e-01
-3.568487370729203079e-01
5.189640257602823326e-01
7.083065636931882292e-01
-1.012099598045392845e-01
-1.543993616400762825e-02
1.351855205258025716e-01
8.154911744416759589e-02
-1.094654492469857576e-01
6.475435466897616621e-02
-2.287320253684501647e-01
-1.803637595349303346e-01
-6.592391319955872575e-01
8.911489192568453621e-01
-1.899204026616587715e-01
3.233918619924833759e-01
-2.626735786995342270e-01
-5.960231724729114777e-01
8.583565026351664962e-01
3.146172556788315866e-01
6.691707564489723925e-01
1.364500677175306542e-01
-5.695269530575557404e-01
-8.203138876301527826e-01
7.135906699698917333e-01
-6.758823105697047140e-01
6.491202063961560853e-01
-1.484668614097794936e-02
-3.178213015333026803e-01
-1.985246181243709440e-01
7.118742624247207385e-01
8.693312856916377562e-01
-3.405415857291680393e-01
3.103444897380940315e-01
-3.093067142034693351e-01
2.141602260441204386e-01
-3.718834161651456416e-01
7.749050483780666188e-01
-9.083019541634085314e-01
-3.849169094833859717e-02
-2.645604980711662169e-01
4.913604398384294747e-01
-7.877352138273152615e-01
-8.126659778060734141e-01
-1.540188738347878505e-01
3.940781701155120498e-01
-8.143430337117885109e-01
1.240869185228254956e-01
-2.661845343396047614e-01
4.795479735694885282e-01
9.376896656578603828e-01
-7.615444306487733073e-01
8.093905342094571687e-01
7.419692288813983794e-02
4.289762145215014755e-01
-5.351476833102513098e-01
-5.393756295077039020e-01
7.488032405377000877e-01
4.689194252421087228e-01
8.470902528175157098e-01
1.535084678384603940e-01
7.508311557542861614e-01
8.310594358089657963e-01
2.945490103415093763e-01
-2.878001556041585030e-01
1.931671444418416872e-01
5.632486624104848794e-02
-3.544235829606723343e-04
-6.075700209170722399e-01
-2.317336172134265571e-01
7.588275651864073712e-01
-5.190571305757771814e-01
7.738847804997837088e-01
4.267618368640861970e-01
-6.806825399168328072e-01
9.535616861811413436e-02
-7.716686084333446161e-02
1.763889470584418806e-01
8.386210971689156413e-01
-6.996075806428945221e-01
9.447921094717817159e-01
9.894281857539624081e-01
7.803831727785282002e-01
9.262506928667790795e-01
-3.787843364236591626e-01
-4.956789840295219296e-01
-2.134685653967127728e-02
-1.170179395988113491e-01
9.463333476399782285e-01
4.092990320155813766e-01
3.170583666291935110e-01
7.878874724809343810e-01
8.831846628575148461e-01
-1.513511359683565871e-01
-2.932140601218833353e-01
-1.387044417141527486e-01
-5.144640571950762631e-01
4.120112248767782148e-01
-9.407425191928859842e-01
-7.738818476730748852e-01
8.887701846007580730e-01
3.146732563439922359e-01
2.394216680130287767e-01
8.965876972435535830e-01
-5.295846919016420351e-01
-5.118644046262614822e-01
-2.066150384262224193e-01
-3.133254354258785401e-01
-2.358019377066848943e-01
2.473605084728043302e-01
-1.119768703665076082e-01
-9.537963778259503922e-01
3.768530378322152430e-01
2.266664763880457123e-01
-3.917192084662886042e-01
1.760075191798120553e-01
-1.109953742057545600e-01
-9.710251080306029348e-01
-5.344609123054342437e-01
9.392411335369772463e-01
-3.390599086716907795e-01
-8.042150491262496370e-01
9.225977787846832978e-01
6.274946978275957044e-01
-5.697673420298221547e-01
-9.423892157043494144e-01
-6.116959049235302093e-01
3.868977994040820878e-01
9.259537092640799383e-01
-3.407750727051892525e-01
-9.115012362974905802e-01
-5.507222827681388377e-01
7.941626640912839985e-01
-7.433464168078938172e-01
-6.863914094952261458e-01
9.689513501294619857e-01
-1.870210658029720641e-01
-7.140042502496344312e-01
3.051830009836984381e-01
9.384763783671052906e-01
-7.204443916977503193e-01
8.748757955306658562e-01
5.263706684839473127e-01
4.531196402842743165e-01
-9.492727750803466868e-01
-1.711829677619889356e-01
5.109426982875309164e-01
6.791478092713782999e-01
-4.762987729899812450e-01
-8.285822185848930044e-01
6.266592606637675367e-01
-5.033008410717185743e-01
4.179665798528160447e-01
6.257282173173404072e-01
3.010631057410144695e-01
-9.124343197467386091e-01
-5.211638107842286871e-01
-6.154218752847975260e-01
-1.522520074752029551e-01
7.527126031180242371e-01
-3.992715513630336055e-01
-9.723395745426801628e-01
9.833234790720219998e-01
2.492456275178345226e-01
-4.552987666257939381e-01
4.696905351206115409e-01
-2.755915493682741246e-01
7.339720246469965126e-01
6.677175869679179421e-01
4.236789017593884932e-01
-5.036727950925639075e-01
6.674598567357461487e-01
4.298023107515804853e-01
2.662083929397374149e-03
-2.380132659240499216e-01
