9.026195462339585696e-01
-2.304675141802361438e-01
-2.023228965623806719e-01
7.241911992820160293e-01
-1.329343389285873034e-01
4.314865467406692190e-01
4.287602398200045517e-01
-1.517293986735002154e-01
-3.996350155876298160e-01
5.283874392079757065e-02
-5.041633219971610735e-01
2.066913046567300238e-01
-4.835029413722700120e-01
-8.485518529905851093e-01
1.666169879898444783e-01
6.099275616395007926e-01
6.637817230814930802e-01
5.425822002200160199e-01
5.401934631257554464e-01
-1.741906855706711887e-01
-5.121963632963550950e-01
5.353256522175691146e-01
-1.421442173390867758e-01
-9.650850460586759549e-01
-2.832191893358775303e-01
-5.446660640178169199e-01
-8.636590001087596224e-01
-1.820567733128097831e-01
8.619979969725484192e-01
-4.006095830337841335e-03
-8.518097397088073564e-01
-8.383930132145891445e-01
-7.295786026488648712e-01
-8.664662735809658400e-02
-1.364774881354433589e-01
3.710356059916155580e-01
8.067659296603628682e-01
-9.244673612037688226e-01
5.458619330330256592e-01
-9.482550760720023231e-01
-7.500351635588700105e-01
2.265724882396980000e-02
3.254960597135549971e-01
9.522258613199168220e-01
4.051396357341434662e-01
4.234650939526998226e-01
6.580659443198979552e-01
6.141373625051302909e-01
-9.093719050351203315e-01
-4.472404095824011883e-01
7.533310341341488137e-01
-9.876811596320487219e-01
-5.513849354562652127e-01
-4.965987822888358050e-01
1.653018261239582731e-01
9.060676317679396963e-01
-1.840592579101385518e-01
6.822437133246548324e-01
6.849476501173450416e-01
6.204687157110517770e-01
-3.251016158560864344e-01
-9.255641182724967386e-01
-3.075269571848551209e-01
8.776325040011294654e-01
3.532764338440879115e-01
3.736105628934194289e-01
2.093128690935097680e-02
-4.135091167026649916e-01
8.714186211950347705e-02
2.933416963053412374e-01
8.373499681513980608e-01
-7.697264856212813200e-01
9.252316072179707085e-01
8.903150705164437628e-01
-5.077639211792763785e-01
5.398123126518372672e-01
-1.375158628768096136e-01
-2.874737494354604461e-01
5.684086130565091377e-01
-5.935488676032711908e-01
8.080344561341417098e-01
5.727565712120277208e-01
6.451507371687112968e-01
9.808844364270465910e-01
-9.023338064643684486e-01
2.090600054050486545e-01
4.723156113938160594e-01
-1.299912749607732287e-01
7.187885179707380612e-01
-7.269613491088191548e-01
-4.015228594766084846e-02
-1.329665127358619081e-01
-7.494571365561828458e-01
5.049209720541236734e-03
-4.651077764246625001e-02
8.896212417164151010e-01
9.370160324702847543e-01
4.586606854275718792e-01
7.389298269659390073e-01
6.849992492969891877e-02
9.611340892430404459e-01
-1.797069597042695310e-01
-7.210320902059330628e-02
4.576836950858065300e-02
2.942060645211475034e-02
-8.782266466614154776e-01
-5.506005177291006802e-01
-5.841604260190580433e-02
2.649047906038639599e-01
5.777281271197316492e-01
-1.383265222561087526e-01
9.839566168691122883e-01
6.398845932639707357e-01
5.622917606246051747e-01
1.055200787983694433e-01
7.891905167966657419e-01
-3.693978047311883284e-01
-5.673237529576058424e-01
1.101822685938065316e-01
-6.754947433541773627e-01
7.914325945343108071e-01
-3.780686977608125332e-01
-8.415138346123069990e-01
4.668220306702819400e-01
1.467677377812104389e-01
7.836045453932363181e-01
2.568662165134996123e-01
-9.389300961613349372e-01
-1.505156617744025649e-01
-5.615842122201877284e-01
4.706765658415248410e-01
5.396787965610418958e-01
-1.897547542157829170e-01
3.754799468221614589e-01
-4.652216200877195007e-01
7.918112701325585867e-01
-5.043596283813733816e-01
7.054593123508359209e-01
9.780902168290122045e-01
-5.457948871207765063e-01
6.587400262757707736e-01
1.368628618992038248e-01
3.608150843606432456e-01
8.828221999848637758e-01
-9.977238512754926791e-01
-4.118638761953730132e-02
4.589579494531683679e-01
1.207586787776167014e-01
-9.997939125746735378e-02
2.309355602316376377e-03
-4.991505378783984703e-01
-3.118958404788758632e-01
-7.342923629644431127e-01
-5.522828068174925331e-01
8.717477684824976869e-01
-4.447091626722881053e-01
-5.283533147641839012e-01
1.586794685063384058e-01
9.091997751468476885e-01
-4.837962816504608465e-01
-9.274283396115883260e-01
9.899655694317510690e-01
6.363558194590250849e-01
-6.841696379994095523e-01
-7.495955157934226509e-01
-5.017633271731452016e-01
-9.043091180131197504e-01
-5.426305088383871489e-01
3.212300369929390609e-01
3.797746309960534639e-01
8.348415846278265384e-01
9.027913943462788637e-01
6.555825961389754042e-01
1.273290720954873834e-01
4.082516718446991266e-01
-8.567836908783694749e-01
-5.895450228573950735e-01
-9.945261387055970292e-01
-4.420820111994863133e-01
-4.032488884921929806e-01
-2.550834957249441537e-01
9.204439610497996416e-01
-5.687529433716753680e-02
4.522246875472064609e-01
-4.209095805607894203e-01
8.190172384094385194e-02
4.064770667432207052e-01
-7.519576024309650997e-01
-4.031253711781861426e-01
-4.194828974552162748e-01
-7.706386358849481866e-01
2.017494692207533191e-01
1.445050077426659474e-01
3.623188682387481485e-01
-7.376468423072239933e-01
-5.202279361621544584e-01
1.399992650164880725e-01
-9.040805908010669523e-01
-4.915045129524528988e-01
-5.637191991169312466e-01
-8.061787886579505624e-01
-7.944645940813648277e-01
5.701560198039823391e-01
-4.553703360367999942e-01
4.136783853718568604e-01
6.171041110653958661e-01
-7.163986788588121435e-01
9.028350895911749774e-01
7.468633804184157121e-01
2.558345762339320206e-01
-2.695473379274953007e-01
-3.400236150146902503e-01
-1.348731775859259852e-01
6.376508985873337032e-01
8.919132203257538194e-01
-7.725174291674856697e-01
-8.712374984574715597e-01
2.015217947310308233e-01
5.144918576058101767e-01
-1.355171460043178566e-01
-2.474956996633381756e-02
-6.029884000403002986e-01
2.852613335015476981e-01
-3.510523087107888518e-01
8.420483064355424041e-01
-5.839260870163149875e-01
-9.951401162402584433e-01
8.352698152163426926e-01
9.582276239711151611e-02
-3.950776945751637292e-01
-1.951365197019305775e-02
2.625217165806410513e-01
9.225533428327317154e-01
6.804786737069279390e-02
-8.618300342853824070e-01
1.430856874764216968e-01
5.536146814657625370e-01
8.179817504597663991e-01
-7.684794537942829518e-01
4.211449355858392085e-01
-7.805061931853090051e-01
2.784979145778709864e-01
8.375404017109278065e-02
-9.572874833621596302e-01
-6.507350975659653702e-01
-1.622627403972527471e-01
4.144944118083837559e-01
9.750404343620355796e-01
-4.457551744408370098e-01
-4.465564705837985482e-01
3.782258957044655201e-01
-9.004841368317317851e-02
1.925109829058284650e-01
7.025443050998672057e-01
5.039299384108228974e-01
-1.405157398198944030e-01
-2.730193781548786447e-01
3.826109333932423695e-01
2.025892464964653694e-01
3.292973640288057169e-01
-2.728752464037742520e-02
4.609179772319085266e-01
-5.315199155929002384e-01
6.211746154146209342e-01
-1.950633971725153071e-01
