-8.171875234819607758e-01
0.000000000000000000e+00
-4.059863848038847145e-01
0.000000000000000000e+00
0.000000000000000000e+00
-5.229053338101414816e-01
-2.381650656199891802e-01
5.312548159487600063e-01
0.000000000000000000e+00
0.000000000000000000e+00
0.000000000000000000e+00
7.145931638321156854e-01
0.000000000000000000e+00
-7.197781941794154648e-01
2.012944811732957362e-01
0.000000000000000000e+00
5.820856461492143197e-01
1.130362100057924479e-02
-9.209766943507193826e-01
0.000000000000000000e+00
3.088746247618510132e-01
-3.397473128280368293e-01
-9.984324380414824063e-01
2.223658326681960951e-01
-8.460297666381910719e-01
-2.429234520278824583e-01
9.966364415381012698e-01
0.000000000000000000e+00
5.443265718685836863e-01
-7.003044018900328460e-02
7.724794752566488398e-03
2.308642424190430198e-01
7.936715493375503527e-01
-3.464795712424730834e-01
-4.212516802896091317e-01
-7.400704472304744375e-01
4.099224681395414738e-01
2.114844666655839589e-01
8.236968836794567039e-02
-8.365902973894239203e-01
1.704991897742083040e-01
-2.088564064354319072e-01
1.416459095748856534e-02
0.000000000000000000e+00
-6.516426422731367296e-01
-1.419130601703486594e-01
0.000000000000000000e+00
0.000000000000000000e+00
-5.911753663165240091e-01
8.130440677726813448e-02
9.541494554867813171e-01
-4.934020164714263412e-01
5.031672362495827056e-01
8.907096138653014528e-02
-1.499822473556495783e-01
1.883875094448959064e-01
-8.163480677123671203e-01
0.000000000000000000e+00
2.286836913210563704e-01
-8.900869790718664021e-01
-2.776817859938989219e-01
-2.588654661985090311e-01
0.000000000000000000e+00
2.598290773857689917e-01
-2.330488211414882826e-01
9.912858342740646922e-01
-5.359726299899203461e-01
0.000000000000000000e+00
0.000000000000000000e+00
7.923050466909338230e-01
-4.480731901119727745e-02
0.000000000000000000e+00
7.440977846119016803e-01
6.503832742565793801e-01
-4.201498351597510172e-01
-1.678997301525453345e-02
-9.775071142404159197e-01
-1.252680127922745079e-01
-3.454283847332157986e-01
-8.083569990691485962e-01
0.000000000000000000e+00
-9.544416918318057164e-01
3.734297101505019700e-01
1.261474809953357923e-01
9.667808325136075798e-01
1.070560933290676253e-02
-7.683325935172624632e-01
-7.793343997392598865e-01
7.454131328755249086e-01
4.055498420467738008e-01
5.700831013686817883e-01
3.192562703530632540e-02
8.765942503995449719e-02
2.942277727158748579e-01
-8.143654897025618400e-01
0.000000000000000000e+00
-9.200368747248852674e-01
1.132904753126677821e-01
2.115256354536878547e-01
5.536541246134973893e-01
9.493329101921690327e-01
1.301691284500061663e-02
9.929873269173632444e-01
8.415173450906900943e-01
0.000000000000000000e+00
-2.434687373536936761e-01
-5.185638874724114444e-01
0.000000000000000000e+00
0.000000000000000000e+00
0.000000000000000000e+00
3.780201140419161554e-01
8.709820687774616488e-01
0.000000000000000000e+00
1.856097652411334842e-01
-8.355676971449632617e-02
8.299583782519075470e-01
-2.252764450607704916e-01
-7.622285683990377425e-01
-5.148839909413727156e-01
-5.559292516390128558e-01
0.000000000000000000e+00
-4.561059103365114886e-01
-5.134857787894133718e-01
1.100621267739727571e-01
-1.492741276089890601e-01
0.000000000000000000e+00
-5.164951988916743897e-01
7.875766200502467562e-01
6.428209011672338935e-01
1.317529758180340238e-01
-2.272764003213927353e-01
0.000000000000000000e+00
-1.824027926416738055e-01
0.000000000000000000e+00
0.000000000000000000e+00
3.278323539478273929e-01
3.057793759490425867e-01
2.516442017711812973e-01
-9.088999980716314653e-01
6.990912932289239379e-02
4.947595690459383189e-01
9.074854648584040895e-02
-1.648380129957818241e-01
3.721244521792437254e-01
-5.440678010651622820e-01
2.650304366446107895e-01
-1.521748456329756749e-01
1.497930212462119659e-01
0.000000000000000000e+00
0.000000000000000000e+00
0.000000000000000000e+00
2.541345062760456130e-01
-4.727753427912591011e-01
-1.739568432189049219e-01
0.000000000000000000e+00
-2.099104065895975868e-01
-8.916761603136791337e-02
-2.579621050991818265e-01
0.000000000000000000e+00
-7.597214462977097682e-02
-4.235680939389667721e-01
5.745258199099110286e-01
0.000000000000000000e+00
-2.450278764937017240e-01
0.000000000000000000e+00
3.874483861660662498e-01
3.318231118606682628e-01
0.000000000000000000e+00
-4.898413234017160445e-01
-6.770404796476525711e-01
3.712303262970209072e-01
2.711249980603418486e-01
0.000000000000000000e+00
0.000000000000000000e+00
4.082516718446991266e-01
-8.567836908783694749e-01
0.000000000000000000e+00
-9.945261387055970292e-01
0.000000000000000000e+00
-4.032488884921929806e-01
-2.550834957249441537e-01
9.204439610497996416e-01
-5.687529433716753680e-02
0.000000000000000000e+00
-4.209095805607894203e-01
8.190172384094385194e-02
4.064770667432207052e-01
-7.519576024309650997e-01
-4.031253711781861426e-01
0.000000000000000000e+00
0.000000000000000000e+00
2.017494692207533191e-01
1.445050077426659474e-01
3.623188682387481485e-01
-7.376468423072239933e-01
-5.202279361621544584e-01
1.399992650164880725e-01
-9.040805908010669523e-01
-4.915045129524528988e-01
-5.637191991169312466e-01
-8.061787886579505624e-01
-7.944645940813648277e-01
5.701560198039823391e-01
-4.553703360367999942e-01
4.136783853718568604e-01
6.171041110653958661e-01
-7.163986788588121435e-01
9.028350895911749774e-01
7.468633804184157121e-01
2.558345762339320206e-01
-2.695473379274953007e-01
-3.400236150146902503e-01
-1.348731775859259852e-01
6.376508985873337032e-01
8.919132203257538194e-01
0.000000000000000000e+00
-8.712374984574715597e-01
2.015217947310308233e-01
5.144918576058101767e-01
-1.355171460043178566e-01
-2.474956996633381756e-02
-6.029884000403002986e-01
2.852613335015476981e-01
-3.510523087107888518e-01
8.420483064355424041e-01
-5.839260870163149875e-01
0.000000000000000000e+00
8.352698152163426926e-01
9.582276239711151611e-02
-3.950776945751637292e-01
-1.951365197019305775e-02
2.625217165806410513e-01
-4.484432327524003892e-01
9.507688990618274882e-01
0.000000000000000000e+00
-5.776920609409437191e-01
-7.302278821298719969e-01
4.984928291382024756e-01
1.499526914944089295e-01
-6.695648144230672560e-01
0.000000000000000000e+00
2.486587588408495364e-01
-7.374702810835775946e-01
0.000000000000000000e+00
-7.641105875876275100e-02
-7.413874039545376160e-01
-2.592735174131166609e-01
6.917933932552247089e-01
0.000000000000000000e+00
0.000000000000000000e+00
-9.220776457670794013e-01
7.848294871512271342e-01
0.000000000000000000e+00
-3.512135981982966726e-02
-8.955931754779653531e-01
-4.687559521078490388e-01
2.625476727165261259e-01
2.007465453486083629e-01
0.000000000000000000e+00
-5.029642810899876970e-01
-1.870634871911081021e-02
0.000000000000000000e+00
0.000000000000000000e+00
-5.886999174790397138e-01
-9.786572863120075461e-01
